0 291
0 265
0 619
0 379
0 310
0 682
0 740
0 227
0 382
0 5
1 427
1 578
1 791
1 505
1 193
1 213
1 310
1 461
1 398
1 316
2 323
2 505
2 682
2 15
2 619
2 374
2 201
2 406
2 101
2 427
3 485
3 304
3 326
3 711
3 534
3 739
3 353
3 327
3 38
3 296
4 227
4 682
4 741
4 277
4 578
4 488
4 398
4 791
4 269
4 310
5 291
5 135
5 682
5 44
5 277
5 382
5 488
5 740
5 505
5 227
6 412
6 294
6 173
6 788
6 809
6 201
6 44
6 398
6 427
7 222
7 15
7 290
7 22
7 639
7 741
7 209
7 412
7 231
7 764
8 740
8 56
8 791
8 58
8 578
8 316
8 682
8 277
8 44
8 398
9 212
9 788
9 682
9 269
9 45
9 578
9 310
9 488
9 271
9 277
10 764
10 208
10 805
10 412
10 427
10 815
10 419
10 414
10 416
11 232
11 353
11 199
11 97
11 167
11 655
11 408
11 419
11 141
12 15
12 368
12 101
12 262
12 374
12 250
12 227
12 406
13 54
13 285
13 193
13 213
13 740
13 269
13 741
13 44
13 758
14 117
14 24
14 803
14 682
14 272
14 794
14 809
14 227
14 505
15 278
15 44
15 51
15 764
15 741
15 682
15 277
15 269
15 310
15 398
16 396
16 815
16 199
16 274
16 101
16 63
16 22
16 387
16 412
16 365
17 92
17 406
17 117
17 65
17 682
17 267
17 310
17 740
17 278
17 398
18 44
18 277
18 740
18 227
18 809
18 310
18 812
18 394
18 265
19 277
19 406
19 227
19 368
19 213
19 682
19 505
19 45
19 427
20 417
20 578
20 284
20 212
20 412
20 758
20 484
20 309
20 435
20 44
21 792
21 272
21 333
21 258
21 466
21 225
21 764
21 564
21 805
21 569
22 764
22 682
22 406
22 578
22 101
22 117
22 505
22 201
22 227
22 173
23 227
23 789
23 61
23 35
23 746
23 769
23 415
23 37
23 367
23 382
24 291
24 370
24 135
24 765
24 227
24 809
24 382
24 794
25 227
25 406
25 803
25 809
25 764
25 213
25 682
25 578
25 101
26 33
26 37
26 809
26 382
26 765
26 701
26 227
26 370
27 167
27 581
27 161
27 405
27 220
27 588
27 404
27 366
27 199
27 601
28 272
28 809
28 37
28 370
28 794
28 265
28 227
29 382
29 809
29 270
29 370
29 368
29 62
29 410
29 227
29 339
30 788
30 44
30 758
30 310
30 269
30 682
30 763
30 45
30 271
30 277
31 415
31 765
31 382
31 370
31 227
31 636
31 270
31 339
31 35
32 382
32 37
32 339
32 415
32 227
32 367
32 370
32 396
32 225
33 291
33 740
33 37
33 809
33 227
33 370
33 265
33 382
34 173
34 227
34 794
34 557
34 809
34 410
34 201
35 370
35 382
35 270
35 229
35 809
35 256
35 61
35 227
35 37
36 569
36 258
36 422
36 167
36 362
36 417
36 225
36 405
36 764
36 156
37 765
37 746
37 61
37 382
37 272
37 370
37 227
37 809
38 578
38 379
38 744
38 412
38 56
38 788
38 310
38 374
38 398
38 682
39 682
39 101
39 327
39 291
39 760
39 258
39 269
39 340
40 268
40 259
40 133
40 384
40 366
40 266
40 347
40 762
40 202
40 663
41 227
41 362
41 805
41 101
41 269
41 764
41 406
42 624
42 146
42 687
42 117
42 257
42 272
42 329
42 401
42 409
42 267
43 193
43 812
43 794
43 488
43 521
43 44
43 765
43 394
43 227
44 791
44 45
44 398
44 291
44 682
44 277
44 740
44 127
44 310
44 269
45 310
45 269
45 788
45 505
45 682
45 277
45 271
46 578
46 101
46 269
46 764
46 791
46 284
46 412
46 788
47 199
47 387
47 797
47 53
47 363
47 357
47 356
47 581
47 400
47 211
48 621
48 578
48 101
48 291
48 682
48 488
48 269
48 406
48 427
49 173
49 361
49 101
49 551
49 414
49 416
49 208
49 815
49 419
49 201
50 269
50 277
50 505
50 398
50 310
50 682
50 101
50 619
50 374
51 717
51 398
51 269
51 277
51 758
51 682
51 271
51 310
52 585
52 798
52 79
52 808
52 702
52 275
52 266
52 425
52 588
52 325
53 521
53 795
53 227
53 267
53 809
53 412
53 739
53 398
53 379
54 127
54 285
54 398
54 193
54 740
54 271
54 310
54 277
54 269
55 410
55 201
55 741
55 597
55 148
55 426
55 412
55 267
55 398
55 310
56 193
56 135
56 682
56 277
56 488
56 310
56 291
56 788
56 740
57 416
57 815
57 201
57 374
57 412
57 353
57 101
57 764
57 427
58 298
58 127
58 269
58 788
58 791
58 682
58 398
58 740
58 310
58 277
59 323
59 376
59 422
59 741
59 685
59 262
59 399
59 386
59 414
59 255
60 193
60 427
60 310
60 398
60 227
60 278
60 740
60 741
60 764
61 265
61 367
61 339
61 809
61 370
61 227
61 382
62 398
62 339
62 521
62 361
62 366
62 717
62 76
62 368
63 744
63 764
63 361
63 682
63 398
63 740
63 310
63 269
64 788
64 285
64 193
64 212
64 291
64 488
64 310
64 398
65 682
65 740
65 278
65 269
65 277
65 127
65 398
65 310
66 398
66 269
66 417
66 353
66 101
66 70
66 764
66 741
66 262
67 285
67 269
67 765
67 763
67 758
67 150
67 310
67 117
67 227
67 225
68 285
68 294
68 310
68 296
68 70
68 758
68 717
68 368
68 398
68 412
69 285
69 741
69 287
69 296
69 72
69 143
69 309
69 220
69 795
69 363
70 353
70 374
70 101
70 294
70 461
70 427
70 368
70 398
70 637
71 112
71 760
71 427
71 296
71 412
71 268
71 368
71 758
71 173
72 143
72 291
72 298
72 671
72 285
72 740
72 310
72 267
72 398
73 730
73 313
73 385
73 384
73 733
73 425
73 376
73 739
73 255
73 383
74 361
74 227
74 310
74 597
74 285
74 398
74 741
74 366
74 764
75 148
75 739
75 467
75 386
75 363
75 412
75 220
75 741
75 267
75 296
76 284
76 740
76 758
76 398
76 310
76 277
76 298
76 269
77 117
77 277
77 682
77 764
77 218
77 763
77 760
77 758
77 310
78 212
78 788
78 791
78 209
78 741
78 193
78 269
78 398
78 143
79 328
79 211
79 325
79 402
79 423
79 425
79 550
79 266
79 422
79 103
80 408
80 579
80 328
80 384
80 219
80 347
80 326
80 474
80 83
80 418
81 384
81 429
81 258
81 399
81 425
81 674
81 228
81 581
81 163
81 409
82 227
82 764
82 398
82 412
82 262
82 741
82 339
82 101
82 201
82 374
83 408
83 368
83 101
83 100
83 199
83 203
83 412
83 257
83 296
84 291
84 621
84 406
84 427
84 225
84 227
84 101
85 370
85 227
85 600
85 270
85 372
85 382
85 367
86 488
86 92
86 265
86 291
86 600
86 382
86 370
86 227
87 474
87 326
87 711
87 100
87 268
87 668
87 347
87 650
87 208
87 308
88 257
88 427
88 361
88 758
88 374
88 764
88 412
88 101
88 368
89 218
89 361
89 406
89 227
89 394
89 379
89 740
89 765
89 291
90 382
90 323
90 361
90 368
90 370
90 333
90 101
91 323
91 758
91 379
91 636
91 368
91 398
91 213
91 101
92 101
92 619
92 269
92 310
92 682
92 406
92 398
92 135
92 277
93 310
93 740
93 398
93 682
93 406
93 277
93 532
93 758
93 791
94 117
94 637
94 366
94 394
94 101
94 382
94 272
94 227
94 619
95 244
95 101
95 100
95 409
95 621
95 134
95 257
95 278
95 291
96 427
96 269
96 227
96 368
96 406
96 179
96 262
96 143
96 412
96 101
97 196
97 412
97 225
97 222
97 368
97 427
97 101
97 269
97 199
98 250
98 269
98 406
98 143
98 398
98 163
98 791
99 765
99 395
99 403
99 262
99 412
99 335
99 220
99 798
99 323
100 406
100 361
100 717
100 101
100 412
100 368
100 427
101 374
101 406
101 368
101 682
101 619
101 398
101 269
102 225
102 405
102 415
102 227
102 370
102 339
102 274
102 262
103 422
103 462
103 402
103 550
103 517
103 414
103 723
103 425
103 423
104 237
104 590
104 183
104 811
104 741
104 130
104 764
104 205
104 286
105 578
105 793
105 399
105 741
105 764
105 794
105 426
105 309
105 671
105 112
106 382
106 291
106 406
106 682
106 278
106 256
106 272
106 117
106 227
107 257
107 409
107 616
107 272
107 258
107 117
107 760
107 130
107 112
107 764
108 234
108 224
108 419
108 587
108 739
108 581
108 385
108 177
108 211
109 287
109 255
109 280
109 764
109 458
109 363
109 399
109 741
109 383
110 685
110 544
110 296
110 739
110 308
110 384
110 363
110 741
110 399
110 434
111 740
111 682
111 488
111 310
111 127
111 278
111 135
111 298
111 505
112 682
112 310
112 374
112 117
112 398
112 291
112 758
112 427
112 764
112 406
113 450
113 304
113 715
113 414
113 257
113 268
113 134
113 412
114 812
114 193
114 625
114 218
114 130
114 444
114 788
114 505
114 127
115 262
115 117
115 394
115 272
115 765
115 259
115 258
115 403
115 741
115 220
116 758
116 398
116 165
116 412
116 741
116 764
116 296
116 739
117 740
117 278
117 682
117 310
117 135
117 382
117 291
117 398
117 227
118 310
118 127
118 135
118 398
118 427
118 316
118 227
118 682
118 125
119 193
119 625
119 135
119 682
119 127
119 130
119 444
119 310
119 316
119 277
120 296
120 414
120 793
120 132
120 409
120 125
120 422
120 220
120 764
120 385
121 227
121 578
121 406
121 412
121 201
121 741
121 154
121 764
121 422
122 505
122 619
122 374
122 406
122 310
122 316
122 682
122 764
122 758
122 427
123 406
123 286
123 398
123 412
123 444
123 212
123 291
123 422
123 764
123 201
124 151
124 763
124 399
124 751
124 764
124 269
124 310
124 741
124 296
124 758
125 291
125 135
125 406
125 310
125 682
125 127
125 398
125 427
126 265
126 488
126 444
126 625
126 229
126 426
126 227
126 256
126 765
127 130
127 740
127 505
127 791
127 398
127 316
127 310
127 277
127 682
128 376
128 414
128 405
128 385
128 132
128 426
128 384
128 424
128 422
129 310
129 398
129 758
129 422
129 427
129 764
130 505
130 291
130 406
130 310
130 210
130 135
130 277
130 625
130 193
131 764
131 398
131 310
131 682
131 671
131 227
131 193
132 750
132 412
132 758
132 310
132 309
132 368
132 398
132 285
132 291
133 412
133 272
133 278
133 417
133 741
133 268
133 764
133 630
133 269
134 422
134 207
134 310
134 414
134 398
134 621
134 427
134 201
134 374
135 740
135 505
135 788
135 488
135 444
135 406
135 310
135 277
135 682
136 414
136 227
136 741
136 406
136 398
136 682
136 374
136 361
136 764
136 427
137 590
137 209
137 284
137 172
137 444
137 310
137 812
137 212
137 258
137 764
138 228
138 148
138 234
138 171
138 201
138 223
138 164
138 172
138 236
138 231
139 309
139 163
139 434
139 209
139 196
139 222
139 741
139 304
139 764
139 217
140 682
140 172
140 228
140 278
140 764
140 168
140 257
140 760
141 815
141 222
141 764
141 253
141 201
141 412
141 419
141 422
141 199
142 788
142 218
142 204
142 269
142 227
142 763
142 812
142 147
142 765
142 764
143 212
143 285
143 269
143 740
143 310
143 398
143 741
143 193
143 791
144 212
144 147
144 205
144 207
144 209
144 193
144 269
144 210
144 277
145 227
145 422
145 310
145 154
145 741
145 406
145 196
145 269
145 764
146 154
146 173
146 210
146 148
146 207
146 427
146 398
146 269
146 172
146 201
147 791
147 207
147 269
147 277
147 193
147 300
147 578
147 488
147 212
148 277
148 398
148 207
148 212
148 720
148 284
148 298
148 310
148 173
148 269
149 204
149 269
149 741
149 172
149 760
149 201
149 154
149 249
149 764
150 444
150 488
150 763
150 227
150 398
150 212
150 277
150 310
150 193
150 298
151 225
151 764
151 154
151 210
151 310
151 578
151 201
151 269
151 741
152 179
152 763
152 199
152 154
152 760
152 201
152 172
153 217
153 290
153 174
153 444
153 284
153 269
153 788
153 205
153 741
153 764
154 222
154 578
154 310
154 741
154 209
154 764
154 406
154 427
154 269
155 573
155 284
155 720
155 193
155 271
155 788
155 207
155 277
155 269
156 741
156 209
156 309
156 284
156 417
156 258
156 412
156 435
156 165
156 171
157 318
157 205
157 291
157 284
157 277
157 269
157 193
157 760
157 763
157 218
158 717
158 296
158 715
158 763
158 318
158 760
158 269
158 758
159 578
159 227
159 310
159 204
159 269
159 764
159 213
159 179
159 741
160 812
160 212
160 298
160 444
160 760
160 625
160 271
160 488
160 277
160 193
161 363
161 222
161 196
161 758
161 412
161 764
161 203
161 308
161 368
162 199
162 220
162 258
162 234
162 222
162 741
162 196
162 167
162 764
163 205
163 309
163 269
163 277
163 210
163 758
163 193
163 212
164 269
164 172
164 171
164 201
164 245
164 249
164 251
164 212
164 258
165 298
165 285
165 212
165 209
165 284
165 398
165 758
165 269
166 308
166 588
166 368
166 220
166 408
166 201
166 199
166 412
166 384
167 234
167 220
167 222
167 741
167 199
167 258
167 764
167 296
167 172
168 193
168 172
168 310
168 284
168 271
168 269
168 207
168 210
169 211
169 203
169 304
169 384
169 236
169 412
170 206
170 231
170 199
170 220
170 253
170 201
170 175
170 211
171 209
171 298
171 173
171 488
171 212
171 269
171 398
171 250
172 444
172 310
172 298
172 398
172 212
172 201
172 193
172 207
172 209
173 573
173 193
173 207
173 269
173 277
173 212
173 298
173 213
173 398
174 444
174 183
174 269
174 277
174 209
174 193
174 210
174 207
175 203
175 220
175 363
175 422
175 199
175 226
175 211
176 220
176 412
176 201
176 592
176 408
177 217
177 226
177 196
177 201
177 764
177 220
177 258
178 296
178 258
178 284
178 209
178 764
178 196
178 231
178 183
178 269
179 210
179 740
179 488
179 227
179 193
179 291
179 310
179 298
179 277
180 231
180 199
180 187
180 217
180 581
180 296
180 220
180 764
180 258
181 606
181 267
181 594
181 410
181 394
181 765
181 557
181 227
181 521
182 422
182 220
182 412
182 201
182 427
182 764
183 444
183 212
183 269
183 277
183 298
183 310
183 210
183 193
183 207
184 763
184 760
184 231
184 249
184 201
185 377
185 701
185 225
185 757
185 415
185 339
185 367
185 227
185 405
186 573
186 210
186 212
186 209
186 207
186 788
186 578
186 298
186 194
186 193
187 671
187 788
187 578
187 212
187 210
187 269
187 406
187 201
187 250
187 193
188 590
188 765
188 217
188 286
188 230
188 209
188 194
188 220
189 222
189 196
189 225
189 201
189 764
189 401
190 636
190 412
190 339
190 405
190 368
190 269
190 225
191 296
191 222
191 225
191 220
191 201
191 199
191 581
191 231
192 199
192 220
192 580
192 208
192 206
192 228
192 201
193 207
193 788
193 213
193 277
193 398
193 310
193 212
193 298
193 227
194 205
194 788
194 578
194 210
194 212
194 207
194 791
195 210
195 298
195 764
195 763
195 316
195 218
195 758
195 760
196 298
196 310
196 284
196 201
196 222
196 269
196 212
196 209
197 227
197 226
197 231
197 236
197 258
197 225
197 222
197 199
198 739
198 236
198 308
198 262
198 216
198 496
198 203
198 368
199 339
199 398
199 227
199 222
199 269
199 427
199 764
199 412
199 401
199 201
200 310
200 218
200 269
200 760
200 291
200 210
200 237
200 205
201 406
201 310
201 374
201 269
201 212
201 227
201 398
201 209
201 213
202 220
202 216
202 366
202 225
202 234
203 228
203 368
203 412
203 741
203 262
203 304
203 764
204 218
204 406
204 682
204 310
204 488
204 298
204 625
204 207
205 207
205 237
205 212
205 298
205 277
205 788
205 248
206 222
206 412
206 416
206 270
206 797
206 227
206 323
207 300
207 791
207 788
207 310
207 271
207 269
207 488
207 277
208 425
208 764
208 422
208 227
208 412
209 290
209 284
209 298
209 277
209 398
209 269
209 212
209 788
210 788
210 406
210 578
210 277
210 310
210 269
211 412
211 581
211 764
211 363
211 222
211 228
211 220
212 213
212 398
212 578
212 284
212 298
212 277
212 488
213 740
213 788
213 505
213 227
213 398
213 310
213 277
213 682
214 406
214 741
214 414
214 422
214 427
215 296
215 760
215 647
215 763
215 219
216 379
216 291
216 415
216 227
216 701
216 370
217 310
217 258
217 285
217 741
217 284
217 269
217 290
218 763
218 740
218 788
218 290
218 298
218 682
218 398
218 277
218 310
219 239
219 764
219 234
219 296
219 308
219 228
219 257
219 616
220 375
220 222
220 398
220 267
220 250
220 597
220 764
220 741
221 310
221 269
221 764
221 760
222 298
222 250
222 225
222 764
222 427
222 227
223 267
223 398
223 269
224 395
224 291
224 229
224 227
224 379
224 765
225 764
225 382
225 269
225 401
225 427
225 339
225 227
226 764
226 286
226 741
226 269
227 740
227 229
227 682
227 265
227 310
227 291
227 382
228 758
228 291
228 269
228 231
228 764
228 258
228 760
229 298
229 625
229 765
229 291
229 740
229 256
229 265
230 284
230 765
230 812
230 422
231 682
231 269
231 310
231 764
231 284
231 578
232 310
232 398
232 368
232 637
232 267
232 412
233 764
233 244
233 387
233 412
233 323
234 285
234 741
234 427
234 764
235 581
235 304
235 236
235 356
235 363
235 257
236 245
236 412
236 578
236 269
236 284
236 250
237 316
237 298
237 291
237 248
239 401
239 412
239 296
239 764
239 427
240 245
240 251
240 249
241 587
241 356
241 363
241 266
241 589
242 249
242 636
242 379
242 741
242 578
243 406
243 250
243 508
243 249
243 398
243 744
244 258
244 309
244 394
244 765
244 291
244 382
245 284
245 277
245 638
245 374
245 269
245 250
246 744
246 250
246 578
246 765
246 298
247 310
247 412
247 269
247 267
247 398
247 250
248 310
248 812
248 277
248 788
249 741
249 578
249 298
250 744
250 578
250 277
250 269
250 398
251 267
251 398
252 587
252 363
253 398
253 401
253 427
253 406
253 764
254 587
254 347
254 356
254 363
254 728
254 313
254 266
255 739
255 262
255 764
255 375
255 398
255 741
255 399
255 733
256 310
256 300
256 394
256 625
256 765
256 265
256 291
257 409
257 398
257 368
257 353
257 760
257 717
257 427
258 760
258 791
258 298
258 285
258 277
258 310
258 291
258 284
258 764
258 269
259 272
259 741
259 671
259 309
259 409
259 267
259 764
259 303
260 765
260 701
260 270
260 272
260 267
260 366
260 291
261 444
261 644
261 278
261 267
261 290
261 298
262 374
262 294
262 412
262 368
262 764
262 398
262 741
263 282
263 264
263 270
263 396
263 272
263 809
263 267
263 329
264 741
264 809
264 764
264 765
264 746
264 382
265 277
265 488
265 298
265 291
266 597
266 739
266 368
266 741
266 268
266 764
266 412
267 290
267 298
267 426
267 682
267 740
267 398
267 310
268 398
268 285
268 741
268 412
268 368
268 269
269 488
269 720
269 277
269 284
269 310
269 682
269 271
270 809
270 382
270 765
270 394
271 682
271 646
271 310
271 277
272 278
272 398
272 505
272 406
272 682
272 291
272 809
273 290
273 298
273 303
273 291
273 286
273 812
273 765
273 794
273 740
274 368
274 361
274 339
274 308
274 294
274 401
274 412
274 764
275 356
275 384
275 383
275 399
275 363
275 741
276 764
276 308
276 288
276 597
276 741
276 398
276 366
277 788
277 488
277 505
277 310
277 682
278 398
278 488
278 291
278 298
278 740
278 682
278 310
279 363
279 308
279 296
279 304
279 581
280 310
280 285
280 309
280 741
280 465
281 298
281 763
281 318
281 310
281 285
281 760
281 291
282 285
282 308
282 368
282 701
283 290
283 758
283 286
283 318
283 285
283 310
283 298
284 578
284 310
284 682
284 788
284 488
285 398
285 740
285 310
285 298
286 310
286 291
286 298
286 812
286 765
287 291
287 765
287 310
287 398
287 379
287 296
287 764
287 741
288 744
288 290
288 741
288 310
288 398
288 740
289 811
289 291
289 358
289 764
289 741
289 421
289 297
290 291
290 788
290 310
290 398
290 740
290 298
291 682
291 316
291 740
291 310
292 760
292 398
292 740
292 682
292 758
292 298
292 310
293 741
293 795
293 581
293 304
293 739
293 348
294 619
294 427
294 368
294 310
294 505
294 398
294 717
294 361
295 741
295 308
295 368
296 412
296 758
296 741
296 310
296 764
296 386
296 763
297 298
297 310
297 741
297 764
298 398
298 444
298 740
298 310
298 488
299 764
299 758
299 741
300 505
300 316
300 625
300 740
300 310
301 740
301 763
301 682
301 310
302 310
302 763
302 740
302 625
303 488
303 765
303 740
303 310
304 740
304 758
304 739
304 717
304 741
304 310
304 764
304 412
305 384
305 347
305 344
305 365
306 396
306 329
306 366
306 339
306 308
307 764
307 741
308 412
308 309
308 368
308 764
308 763
308 758
309 740
310 316
310 788
310 398
310 740
310 682
311 758
311 398
311 741
311 740
312 803
312 401
312 809
312 741
312 427
312 764
313 741
313 630
313 764
313 412
314 743
314 333
314 404
314 539
314 357
314 377
315 488
315 741
315 740
316 803
316 740
316 682
316 505
316 625
317 398
317 750
318 398
318 682
318 763
319 513
319 383
319 741
319 581
319 764
320 429
320 687
320 402
320 412
320 423
320 550
320 585
320 400
321 326
321 367
321 344
321 347
321 357
321 762
322 366
322 741
322 412
322 368
323 410
323 398
323 412
324 717
324 758
324 427
324 374
324 412
324 741
324 398
325 368
325 365
325 412
326 361
326 353
326 369
326 367
326 368
327 764
327 340
327 711
328 687
328 723
328 384
328 347
328 356
329 521
329 682
329 412
329 339
329 382
330 728
330 685
330 739
330 708
330 384
330 412
331 764
331 644
331 682
331 412
331 333
332 343
332 363
332 605
332 612
332 347
332 384
333 427
333 764
333 339
334 422
334 371
334 408
334 400
334 401
334 551
334 412
335 685
335 711
335 597
335 377
335 795
335 651
335 521
336 585
336 612
336 385
336 337
336 702
336 728
336 347
337 404
337 400
337 368
337 764
337 422
338 461
338 711
338 340
338 763
339 740
339 619
339 366
339 370
339 488
339 682
339 382
340 461
340 682
341 687
341 344
341 356
341 579
341 343
341 347
342 741
342 419
342 422
342 417
342 412
342 363
343 739
343 652
343 408
343 679
343 412
343 368
344 496
344 357
345 741
345 715
345 597
345 739
345 764
346 630
346 348
346 741
346 412
346 764
346 417
347 434
347 412
347 384
348 717
348 368
348 398
348 682
348 741
349 379
349 354
349 358
349 764
349 650
349 711
349 682
350 644
350 484
350 713
350 674
351 354
351 458
351 581
351 422
351 764
352 496
352 723
352 587
352 666
353 398
353 368
353 717
354 427
354 358
354 741
354 760
354 682
354 717
354 764
355 608
355 743
356 587
356 741
356 764
356 383
356 581
356 363
357 370
357 415
357 377
357 701
357 569
357 367
358 809
358 619
358 803
358 682
358 406
358 740
359 384
359 360
360 479
360 605
360 698
361 427
361 406
361 398
361 740
361 394
361 682
362 427
362 764
362 412
362 741
363 383
363 399
363 412
363 739
363 764
363 741
364 444
364 741
364 590
364 788
364 812
364 794
365 417
365 368
365 630
365 412
365 764
366 398
366 382
366 368
366 370
366 521
367 736
367 370
367 382
367 415
368 758
368 717
368 398
369 682
369 427
369 398
369 740
369 794
369 406
370 809
370 382
371 401
371 809
371 764
371 741
372 382
372 373
372 415
372 394
373 379
373 809
373 651
373 740
373 382
373 394
374 406
374 619
374 788
374 682
374 398
375 773
375 741
375 791
375 682
375 427
375 398
376 532
376 412
376 758
376 791
376 427
376 398
376 741
377 403
377 701
377 415
377 379
377 396
377 382
378 401
378 414
378 412
378 741
378 764
379 398
379 788
379 740
380 403
380 764
380 414
380 427
380 401
380 396
381 788
381 741
381 597
381 398
381 406
381 412
381 427
382 794
382 740
382 394
382 803
382 809
383 741
383 398
383 399
383 412
383 764
384 409
384 398
384 412
385 427
385 414
385 398
385 764
385 399
386 671
386 427
386 398
386 578
387 398
387 403
387 412
387 764
387 427
388 505
388 398
388 406
388 682
388 758
389 715
389 758
389 668
389 763
389 760
390 765
390 740
390 682
390 398
390 415
391 764
391 587
391 598
391 580
391 551
391 412
391 458
391 581
392 427
392 398
392 403
392 741
393 412
393 398
393 741
393 764
393 401
393 427
394 398
394 740
394 765
395 765
395 809
395 794
396 403
397 401
397 741
397 427
397 398
397 412
398 788
398 791
398 682
399 791
399 427
399 741
400 425
400 406
400 422
400 402
400 401
400 427
401 619
401 809
401 764
401 406
401 427
401 717
402 764
402 621
402 406
402 427
402 422
402 414
403 427
404 578
404 410
404 521
404 795
405 741
405 636
405 765
405 412
405 415
406 740
406 427
406 682
407 412
407 426
407 427
408 580
408 410
408 412
408 805
409 682
409 412
409 427
410 521
410 573
411 682
411 671
411 764
411 412
411 505
411 427
412 758
412 764
412 427
413 422
413 424
413 414
413 551
414 803
414 791
414 764
414 422
414 682
414 427
415 765
416 505
416 427
416 532
416 682
417 630
417 758
417 764
417 741
419 764
419 505
419 422
419 427
420 581
420 422
420 427
421 794
421 444
421 720
421 788
422 444
422 682
422 426
422 427
423 551
423 425
424 425
424 741
424 427
425 741
425 808
425 427
425 426
426 671
426 444
427 773
427 717
427 619
427 682
428 760
428 764
428 626
428 458
428 793
428 445
429 458
429 808
429 624
429 436
429 764
430 581
430 434
430 458
430 436
431 466
431 461
431 739
431 582
432 453
432 450
432 436
432 764
432 458
433 682
433 740
433 788
433 444
434 458
434 764
434 454
435 788
435 444
436 764
436 459
436 445
436 454
436 458
437 760
437 452
437 671
437 764
437 458
437 451
438 764
439 717
439 764
440 741
440 764
440 569
440 458
441 581
441 458
441 454
441 445
441 674
442 746
442 764
442 459
442 458
443 445
443 625
443 458
443 760
443 451
444 682
444 625
444 788
444 812
445 740
445 625
446 460
446 458
447 812
448 624
448 458
448 765
449 671
449 470
450 671
450 625
450 741
450 764
451 682
451 764
452 671
453 809
453 746
453 458
454 750
454 764
455 456
455 458
455 460
456 687
457 616
457 458
458 812
458 746
458 765
458 764
460 671
461 505
462 494
463 587
463 540
463 585
463 537
464 578
464 581
464 764
465 470
465 488
465 578
466 809
466 505
466 788
466 682
467 639
467 788
467 741
467 720
467 578
468 639
468 811
468 681
468 788
469 578
469 573
469 597
469 741
469 557
470 788
470 744
470 740
471 488
471 788
471 682
472 581
472 616
472 513
472 537
473 597
473 637
474 764
475 537
475 764
476 758
476 717
476 619
476 682
477 741
477 603
478 532
478 638
478 505
479 741
480 682
480 791
480 788
480 741
480 740
481 494
481 637
482 741
482 496
482 764
483 540
483 587
484 521
484 578
484 791
484 740
485 578
485 788
485 532
485 741
486 521
487 638
487 580
488 578
488 682
489 797
489 796
490 581
490 796
490 589
490 588
491 764
492 637
492 682
492 809
493 532
493 739
493 580
493 796
493 581
494 717
495 594
495 600
495 521
495 557
495 597
495 765
496 758
497 537
497 687
497 616
497 587
497 581
498 587
498 588
498 515
498 615
499 632
499 764
499 741
499 597
499 639
500 765
500 788
500 794
500 671
500 521
500 557
502 711
502 521
503 532
504 674
504 581
505 788
505 682
507 739
507 597
508 682
508 740
509 812
509 746
510 720
510 682
510 760
511 573
511 740
512 739
512 741
512 764
513 741
513 764
513 578
514 763
514 741
515 580
515 517
515 764
515 690
516 741
516 637
516 597
516 764
517 805
517 764
518 741
518 582
518 578
519 682
519 637
519 580
520 805
520 602
521 573
521 682
521 740
522 739
522 764
523 582
524 788
524 681
524 578
524 791
525 597
525 741
526 616
526 741
526 739
527 741
527 758
527 597
527 764
528 582
528 602
528 542
530 788
531 551
532 682
532 740
532 744
532 791
533 746
533 740
534 758
534 578
535 741
535 597
536 760
536 717
536 682
537 581
537 741
537 764
537 639
538 588
538 617
538 615
538 564
538 589
538 540
539 701
540 598
540 710
540 587
540 581
541 634
541 798
542 682
542 619
543 655
543 551
543 597
543 764
543 581
544 597
544 739
544 741
545 597
545 723
545 687
545 589
546 597
546 741
547 585
547 589
548 585
548 615
548 551
549 551
549 764
551 741
551 764
552 757
554 636
554 638
554 597
554 557
554 578
555 741
555 581
555 751
556 764
556 685
556 751
556 687
557 682
557 788
557 740
558 603
560 592
560 594
560 589
561 711
562 589
562 615
563 682
563 788
563 740
564 569
564 809
565 788
565 619
565 791
566 587
566 589
567 682
568 651
568 600
568 809
568 812
568 765
568 794
569 809
569 765
569 769
570 578
570 602
571 701
572 769
572 792
573 578
573 788
574 757
574 701
575 674
575 743
575 578
575 741
575 597
576 762
576 677
577 597
577 741
577 632
577 739
578 788
578 791
579 679
579 580
579 652
580 803
580 682
581 741
581 764
583 758
584 760
584 764
584 741
584 809
586 588
586 589
587 589
588 597
588 739
588 741
588 589
590 788
590 794
590 812
592 764
592 637
593 651
594 765
596 687
596 598
597 741
598 764
599 740
599 765
599 600
600 809
600 740
600 765
600 682
601 764
602 803
602 744
602 682
603 765
603 701
604 758
605 739
606 636
606 740
607 621
607 619
608 741
609 791
610 791
610 764
610 740
610 741
611 639
611 741
611 751
611 740
612 679
615 723
616 717
616 758
616 763
616 764
616 760
618 619
618 750
619 682
621 682
622 741
622 764
623 764
623 805
624 625
625 812
626 682
626 740
626 794
627 671
627 741
627 764
629 798
629 694
629 741
629 764
630 741
631 764
632 741
635 764
636 740
636 794
636 788
636 682
637 717
637 682
638 740
639 740
639 741
640 741
641 808
641 811
641 797
642 809
643 682
644 791
645 763
645 646
645 760
645 758
646 720
646 682
646 758
647 763
648 740
649 713
649 758
649 764
649 682
650 757
650 711
650 809
650 765
651 794
651 740
651 765
652 739
652 715
652 758
653 671
653 765
654 723
655 741
655 764
655 791
656 682
656 764
657 788
657 682
659 714
660 758
661 758
661 741
662 711
662 671
663 701
664 812
664 671
664 741
665 743
665 741
666 690
666 764
667 683
667 674
667 681
668 763
668 711
668 716
669 728
669 679
670 739
670 741
670 733
670 683
670 764
671 682
672 769
673 759
674 758
675 739
675 722
676 739
676 764
676 741
678 758
679 717
680 717
680 758
680 720
680 741
681 764
681 682
681 788
682 740
683 720
685 741
686 757
686 769
686 701
687 764
688 764
689 757
690 764
690 781
690 758
690 717
692 791
694 758
694 741
695 797
695 796
696 740
696 741
696 764
697 739
697 701
698 722
700 701
700 726
704 740
704 720
705 805
705 764
705 723
706 757
708 759
709 716
709 763
709 758
709 720
711 758
711 763
711 740
712 758
712 741
712 720
713 760
715 760
715 717
715 758
716 720
716 763
716 758
717 760
717 758
718 720
718 741
718 764
720 788
720 763
721 723
722 764
722 739
722 741
723 758
723 764
724 795
725 758
725 791
725 740
725 741
727 764
728 741
728 764
728 739
729 769
730 733
730 739
730 741
731 744
731 741
732 764
732 741
733 739
733 741
733 764
734 737
734 764
735 815
735 797
736 809
736 746
736 740
737 740
737 764
738 739
738 741
739 741
739 758
740 791
741 791
741 758
741 764
742 809
742 764
742 758
743 764
745 764
746 812
746 765
747 799
749 751
749 764
751 788
751 764
752 809
752 765
753 765
753 809
755 788
755 791
756 776
757 765
758 763
760 763
761 762
765 812
766 805
766 808
767 794
768 811
768 812
769 794
771 793
772 798
775 783
777 794
777 809
777 812
778 794
778 809
778 812
778 791
780 795
783 788
787 788
788 794
788 791
789 809
789 794
790 805
790 791
790 793
791 794
792 809
792 805
793 811
793 809
793 794
793 812
794 809
794 812
796 805
797 805
797 808
797 810
797 811
798 808
799 812
800 808
800 804
800 805
800 802
802 804
802 809
802 811
802 812
803 809
804 808
804 811
805 809
806 810
806 808
808 811
810 811
