0 382
0 5
1 213
1 398
2 427
2 101
3 296
3 739
4 269
4 310
5 488
5 227
6 398
6 44
7 412
7 764
8 277
8 682
9 310
9 277
10 419
10 414
11 97
11 408
12 227
13 740
13 741
14 809
15 310
15 398
16 365
16 274
17 682
17 398
18 394
18 812
19 45
19 682
20 309
20 212
21 564
21 569
22 505
22 201
23 367
23 415
24 794
24 809
25 764
26 33
26 227
27 199
27 404
28 37
28 809
29 227
29 339
30 277
30 271
31 370
31 35
32 367
32 225
33 227
33 370
34 201
35 227
35 37
36 405
36 225
37 382
37 227
38 398
38 682
39 269
39 340
40 202
40 663
42 329
42 267
43 765
43 44
44 127
44 277
45 271
45 277
46 764
46 269
47 211
47 400
48 427
49 201
49 419
50 310
50 398
51 277
51 310
52 425
52 266
53 398
53 379
54 310
54 277
55 310
55 412
56 788
56 682
57 412
57 201
58 398
58 310
59 386
59 255
60 398
60 741
61 382
61 227
62 76
62 368
63 682
64 398
64 212
65 269
65 310
66 262
66 741
67 758
67 763
68 412
68 398
69 72
69 296
70 368
70 398
71 368
71 758
72 398
72 671
73 255
73 425
74 398
74 285
75 267
75 296
76 398
76 269
77 760
77 763
78 398
78 193
79 103
79 550
80 83
80 418
81 581
81 228
82 201
82 374
83 257
84 227
85 367
86 227
87 650
87 100
88 101
88 412
89 740
89 765
90 333
90 101
91 368
91 101
92 101
92 682
93 791
93 398
94 101
94 382
95 621
95 134
96 412
96 101
97 269
97 101
98 791
98 143
99 395
99 798
100 368
100 101
101 269
101 682
102 274
102 339
103 723
103 414
104 764
104 205
105 112
105 764
106 117
106 272
107 760
107 764
108 177
108 211
109 383
109 741
110 399
110 296
111 127
112 406
112 764
113 268
113 134
114 130
114 444
115 741
115 765
116 296
117 310
117 227
118 682
118 125
119 135
119 127
120 422
120 125
121 741
121 201
122 764
122 682
123 201
123 422
124 764
124 741
125 127
125 398
126 227
126 765
127 316
127 310
128 424
128 384
130 625
131 193
132 285
132 398
133 268
133 630
134 427
134 621
135 682
135 277
136 398
136 427
137 258
137 764
138 231
138 236
139 217
139 741
140 257
140 760
141 419
141 201
142 765
142 764
143 310
143 740
144 210
144 277
145 269
145 764
146 201
146 398
147 488
147 212
148 173
148 269
149 764
149 249
150 298
150 193
151 269
151 154
152 201
152 172
153 205
153 764
154 578
154 741
155 271
155 207
156 435
156 165
157 760
157 218
158 763
158 760
159 764
159 179
160 488
160 271
161 412
161 764
162 222
162 764
163 212
164 249
164 201
165 758
166 412
166 220
167 199
167 764
168 207
168 269
169 203
170 220
170 175
171 269
171 212
172 193
172 209
173 212
173 213
174 207
175 199
176 408
177 196
177 201
178 183
178 764
179 310
179 227
180 258
180 764
181 521
181 227
182 764
182 427
183 298
183 193
184 201
185 227
185 405
186 194
186 212
187 406
187 578
188 286
188 209
189 225
189 764
190 225
190 269
191 199
191 220
192 228
192 201
193 310
193 298
194 212
195 218
195 760
196 212
196 209
197 199
197 222
198 308
199 427
199 412
200 210
201 398
203 764
204 488
204 207
205 788
207 277
209 212
210 277
211 363
212 298
212 488
213 277
214 422
215 219
216 701
216 227
217 269
218 310
219 616
219 257
220 741
221 760
222 227
224 227
225 227
227 291
228 760
228 764
229 256
231 284
232 368
232 398
233 323
235 304
236 250
239 296
239 764
240 249
242 741
242 578
244 291
247 412
247 398
248 788
249 298
250 269
250 398
253 764
254 363
255 398
255 741
256 765
256 265
257 717
257 760
258 764
258 284
259 303
259 267
260 270
260 291
261 290
262 398
262 741
263 329
264 382
264 765
266 412
267 310
267 398
268 412
269 310
269 277
271 277
272 809
273 794
273 740
274 368
274 339
275 383
276 741
277 310
278 310
278 740
279 296
280 741
281 760
281 291
282 308
283 310
283 298
285 740
285 310
286 298
286 812
287 764
287 741
288 740
289 297
290 740
291 740
292 310
292 298
294 717
294 368
296 764
296 758
298 310
299 741
301 310
302 740
304 764
304 412
305 384
306 339
306 308
308 764
308 758
311 740
312 741
312 764
315 740
319 581
320 423
320 585
321 762
321 357
324 374
324 741
325 365
325 412
326 369
326 353
327 711
328 347
330 412
331 333
332 612
333 339
334 400
334 408
335 521
336 337
336 385
338 340
339 682
342 417
343 408
343 412
345 764
345 741
346 764
347 384
348 398
350 713
352 723
354 358
356 581
356 363
357 367
358 682
361 406
361 398
362 764
362 412
363 764
363 741
364 812
365 630
366 370
367 382
367 370
368 717
369 740
369 406
371 741
372 382
372 373
373 382
373 394
374 398
375 398
376 741
376 398
377 382
378 412
379 740
380 396
381 398
382 809
383 399
383 741
384 412
385 399
386 398
387 412
388 758
388 398
389 758
389 760
391 551
392 403
393 401
393 427
395 794
395 809
397 412
399 741
400 425
400 422
401 406
401 427
402 406
402 427
404 795
405 415
406 427
407 427
408 412
411 427
413 414
414 427
416 532
417 741
417 764
420 422
420 427
421 788
422 427
423 425
425 808
428 793
428 445
429 436
430 436
432 764
432 458
434 764
436 458
437 452
439 764
440 764
440 741
441 458
442 459
442 458
443 625
443 451
444 812
446 458
448 765
448 458
455 458
458 764
460 671
461 505
463 587
464 764
465 578
467 741
467 720
468 811
468 639
469 573
471 682
472 537
480 741
483 587
484 791
487 580
490 796
490 588
493 581
495 521
495 597
497 581
499 597
500 557
500 794
508 740
509 746
512 764
513 578
513 741
518 741
519 580
522 764
524 791
527 741
528 602
532 744
534 578
538 589
540 587
540 581
543 764
543 581
544 741
545 589
548 615
554 597
554 578
557 740
562 589
565 619
567 682
568 794
573 788
575 597
575 743
576 677
580 682
581 764
586 589
590 812
592 637
597 741
599 765
602 744
602 682
603 701
607 621
608 741
609 791
610 741
611 741
616 764
616 760
619 682
622 741
623 805
632 741
635 764
636 794
637 682
637 717
639 741
641 808
641 797
645 763
651 765
654 723
656 764
664 741
666 764
667 674
668 716
668 711
670 683
673 759
675 739
676 741
685 741
686 701
694 741
694 758
698 722
700 726
704 720
706 757
709 763
711 740
716 758
718 720
722 764
723 764
730 741
732 764
733 741
734 764
735 797
738 741
739 741
742 758
745 764
749 764
758 763
760 763
766 808
768 812
772 798
777 812
778 812
787 788
788 791
789 809
790 793
792 805
793 794
794 809
800 805
802 811
804 811
810 811
