0 227
0 382
0 5
1 505
1 213
1 398
2 406
2 427
2 101
3 353
3 296
3 739
4 791
4 269
4 310
5 505
5 488
5 227
6 427
6 398
6 44
7 231
7 412
7 764
8 791
8 277
8 682
9 488
9 310
9 277
10 416
10 419
10 414
11 199
11 97
11 408
12 101
12 227
13 741
13 740
14 227
14 809
15 269
15 310
15 398
16 63
16 365
16 274
17 267
17 682
17 398
18 809
18 394
18 812
19 427
19 45
19 682
20 412
20 309
20 212
21 805
21 564
21 569
22 117
22 505
22 201
23 37
23 367
23 415
24 382
24 794
24 809
25 809
25 764
26 382
26 33
26 227
27 601
27 199
27 404
28 37
28 809
29 368
29 227
29 339
30 45
30 277
30 271
31 227
31 370
31 35
32 396
32 367
32 225
33 227
33 370
34 410
34 201
35 227
35 37
36 417
36 405
36 225
37 382
37 227
38 310
38 398
38 682
39 269
39 340
40 762
40 202
40 663
41 764
42 409
42 329
42 267
43 394
43 765
43 44
44 740
44 127
44 277
45 682
45 277
45 271
46 284
46 764
46 269
47 797
47 211
47 400
48 406
48 427
49 815
49 419
49 201
50 101
50 398
50 310
51 682
51 277
51 310
52 588
52 425
52 266
53 739
53 398
53 379
54 269
54 310
54 277
55 597
55 310
55 412
56 488
56 788
56 682
57 374
57 412
57 201
58 682
58 310
58 398
59 414
59 386
59 255
60 764
60 398
60 741
61 227
61 382
62 366
62 76
62 368
63 398
63 682
64 488
64 398
64 212
65 398
65 269
65 310
66 741
66 262
67 225
67 758
67 763
68 758
68 412
68 398
69 741
69 72
69 296
70 637
70 368
70 398
71 412
71 758
71 368
72 310
72 398
72 671
73 385
73 255
73 425
74 764
74 398
74 285
75 741
75 267
75 296
76 310
76 398
76 269
77 310
77 760
77 763
78 741
78 398
78 193
79 266
79 550
79 103
80 347
80 83
80 418
81 163
81 581
81 228
82 101
82 201
82 374
83 199
83 257
84 101
84 227
85 382
85 367
86 382
86 227
87 268
87 650
87 100
88 368
88 101
88 412
89 291
89 740
89 765
90 370
90 333
90 101
91 398
91 368
91 101
92 135
92 101
92 682
93 791
93 398
94 637
94 101
94 382
95 291
95 134
95 621
96 179
96 412
96 101
97 368
97 269
97 101
98 398
98 791
98 143
99 403
99 395
99 798
100 412
100 368
100 101
101 682
101 269
102 262
102 274
102 339
103 425
103 723
103 414
104 286
104 764
104 205
105 741
105 112
105 764
106 227
106 117
106 272
107 117
107 760
107 764
108 177
108 211
109 399
109 741
109 383
110 363
110 399
110 296
111 135
111 127
112 427
112 764
112 406
113 134
113 268
114 127
114 130
114 444
115 258
115 741
115 765
116 741
116 296
117 682
117 310
117 227
118 227
118 682
118 125
119 277
119 127
119 135
120 764
120 422
120 125
121 154
121 741
121 201
122 427
122 682
122 764
123 764
123 201
123 422
124 399
124 764
124 741
125 310
125 398
125 127
126 256
126 227
126 765
127 398
127 316
127 310
128 422
128 424
128 384
129 422
130 277
130 625
131 193
132 291
132 285
132 398
133 278
133 268
133 630
134 374
134 427
134 621
135 310
135 277
135 682
136 764
136 398
136 427
137 212
137 258
137 764
138 172
138 236
138 231
139 764
139 217
139 741
140 764
140 257
140 760
141 412
141 419
141 201
142 147
142 765
142 764
143 741
143 310
143 740
144 210
144 277
145 764
145 269
146 148
146 201
146 398
147 193
147 488
147 212
148 310
148 173
148 269
149 764
149 249
150 310
150 193
150 298
151 741
151 269
151 154
152 760
152 201
152 172
153 269
153 205
153 764
154 406
154 578
154 741
155 269
155 207
155 271
156 412
156 435
156 165
157 763
157 760
157 218
158 758
158 763
158 760
159 213
159 764
159 179
160 193
160 488
160 271
161 308
161 412
161 764
162 222
162 764
163 193
163 212
164 171
164 249
164 201
165 284
165 758
166 201
166 412
166 220
167 222
167 199
167 764
168 271
168 207
168 269
169 236
169 203
170 211
170 220
170 175
171 398
171 269
171 212
172 207
172 193
172 209
173 398
173 212
173 213
174 193
174 207
175 211
175 199
176 408
177 196
177 201
178 231
178 183
178 764
179 277
179 310
179 227
180 581
180 764
180 258
181 521
181 227
182 764
182 427
183 207
183 193
183 298
184 201
185 367
185 227
185 405
186 193
186 212
186 194
187 201
187 406
187 578
188 286
188 209
189 401
189 225
189 764
190 368
190 225
190 269
191 201
191 199
191 220
192 208
192 228
192 201
193 212
193 310
193 298
194 207
194 212
195 764
195 218
195 760
196 269
196 212
196 209
197 225
197 199
197 222
198 216
198 308
199 401
199 427
199 412
200 760
200 210
201 213
201 398
202 216
203 304
203 764
204 207
204 488
205 248
205 788
206 227
207 271
207 277
209 269
209 212
210 277
211 222
211 363
212 298
212 488
213 310
213 277
214 427
214 422
215 763
215 219
216 415
216 227
216 701
217 290
217 269
218 277
218 310
219 257
219 616
220 764
220 741
221 760
222 225
222 227
224 229
224 227
225 339
225 227
226 741
227 382
227 291
228 231
228 760
228 764
229 265
229 256
231 310
231 284
232 412
232 368
232 398
233 412
233 323
235 304
236 250
239 427
239 296
239 764
240 245
240 249
241 266
242 741
242 578
243 744
244 382
244 291
245 269
247 412
247 398
248 277
248 788
249 578
249 298
250 269
250 398
252 363
253 427
253 764
254 266
254 363
255 399
255 398
255 741
256 765
256 265
257 717
257 760
258 291
258 284
258 764
259 764
259 303
259 267
260 270
260 291
261 298
261 290
262 398
262 741
263 267
263 329
264 746
264 382
264 765
265 291
266 268
266 412
267 398
267 310
268 269
268 412
269 271
269 310
269 277
270 382
271 277
272 809
273 765
273 794
273 740
274 294
274 339
274 368
275 741
275 383
276 288
276 741
277 310
278 682
278 310
278 740
279 304
279 296
280 741
281 285
281 760
281 291
282 285
282 308
283 285
283 310
283 298
285 740
285 310
286 765
286 298
286 812
287 764
287 741
288 310
288 740
289 421
289 297
290 310
290 740
291 740
292 310
292 298
294 398
294 717
294 368
295 308
296 763
296 764
296 758
297 741
298 310
299 741
301 310
302 625
302 740
303 310
304 741
304 764
304 412
305 347
305 384
306 366
306 339
306 308
308 764
308 758
310 682
311 740
312 741
312 764
313 412
314 377
315 740
316 682
317 750
319 764
319 581
320 423
320 585
321 357
321 762
323 412
324 398
324 741
324 374
325 365
325 412
326 367
326 369
326 353
327 711
328 356
328 347
330 384
330 412
331 333
332 605
332 612
333 339
334 400
334 408
335 795
335 521
336 728
336 337
336 385
338 340
339 488
339 682
342 412
342 417
343 408
343 412
345 764
345 741
346 417
346 764
347 384
348 398
349 711
350 713
352 666
352 723
353 368
354 682
354 358
356 581
356 363
357 701
357 367
358 682
361 740
361 406
361 398
362 764
362 412
363 739
363 764
363 741
364 794
364 812
365 630
366 368
366 370
367 382
367 370
368 398
368 717
369 794
369 740
369 406
371 741
372 394
372 382
372 373
373 382
373 394
374 682
374 398
375 427
375 398
376 741
376 398
377 382
378 412
379 788
379 740
380 396
381 398
382 809
383 764
383 399
383 741
384 412
385 764
385 399
386 578
386 398
387 427
387 412
388 758
388 398
389 668
389 758
389 760
390 415
391 580
391 551
392 398
392 403
393 741
393 401
393 427
394 740
395 794
395 809
396 403
397 412
398 791
399 741
400 427
400 425
400 422
401 406
401 427
402 427
402 406
404 795
405 415
406 682
406 427
407 427
408 412
411 427
413 551
413 414
414 422
414 427
416 532
417 741
417 764
419 427
420 581
420 422
420 427
421 788
422 427
423 425
425 808
428 626
428 445
428 793
429 436
430 436
432 764
432 458
433 788
434 454
434 764
435 444
436 454
436 458
437 451
437 452
439 764
440 764
440 741
441 458
442 459
442 458
443 458
443 625
443 451
444 812
445 625
446 458
448 765
448 458
450 764
455 458
458 764
460 671
461 505
463 587
464 764
465 488
465 578
467 741
467 720
468 811
468 639
469 597
469 573
470 740
471 682
472 513
472 537
476 682
478 505
480 740
480 741
483 587
484 578
484 791
485 741
487 580
488 682
490 581
490 796
490 588
493 580
493 581
495 521
495 597
497 581
499 597
500 557
500 794
508 740
509 746
510 760
512 741
512 764
513 578
513 741
516 741
518 741
519 580
521 740
522 764
524 791
525 741
527 741
528 602
532 740
532 744
534 578
535 741
536 717
537 639
538 589
540 587
540 581
542 682
543 764
543 581
544 741
545 589
546 741
548 615
554 597
554 578
555 581
557 740
560 589
562 589
565 619
567 682
568 809
568 794
569 769
570 602
571 701
573 788
575 674
575 597
575 743
576 677
580 682
581 764
584 809
586 588
586 589
587 589
588 589
590 812
592 637
597 741
599 765
600 765
602 744
602 682
603 701
607 619
607 621
608 741
609 791
610 740
610 741
611 740
611 741
616 760
616 764
619 682
622 764
622 741
623 764
623 805
627 741
629 741
632 741
635 764
636 794
637 682
637 717
639 741
641 811
641 808
641 797
645 646
645 763
647 763
649 764
651 765
654 723
656 764
664 741
666 764
667 674
668 763
668 711
668 716
670 683
673 759
675 739
676 741
678 758
680 741
681 682
683 720
685 741
686 701
687 764
688 764
689 757
694 741
694 758
698 722
700 726
704 720
706 757
709 758
709 763
711 740
712 741
716 758
717 758
718 741
718 720
722 739
722 764
723 764
728 739
730 741
732 764
733 764
733 741
734 764
735 797
738 739
738 741
739 741
742 764
742 758
745 764
746 765
749 764
751 764
753 809
758 763
760 763
765 812
766 808
768 812
772 798
775 783
777 812
778 812
783 788
787 788
788 794
788 791
789 809
790 791
790 793
792 805
793 812
793 794
794 809
800 802
800 805
802 811
803 809
804 811
810 811
