0 310
0 682
0 740
0 227
0 382
0 5
1 461
1 316
1 310
1 213
1 398
1 505
2 15
2 619
2 201
2 406
2 101
2 427
3 534
3 739
3 353
3 327
3 38
3 296
4 741
4 488
4 398
4 791
4 269
4 310
5 277
5 382
5 740
5 505
5 488
5 227
6 788
6 809
6 201
6 44
6 398
6 427
7 22
7 741
7 209
7 412
7 231
7 764
8 316
8 58
8 398
8 682
8 277
8 791
9 269
9 45
9 271
9 310
9 488
9 277
10 427
10 815
10 419
10 414
10 416
11 167
11 199
11 408
11 97
11 141
12 368
12 101
12 227
12 374
13 269
13 213
13 44
13 741
13 740
14 272
14 794
14 809
14 227
14 505
15 764
15 277
15 741
15 269
15 310
15 398
16 199
16 22
16 274
16 63
16 101
16 365
17 278
17 310
17 682
17 740
17 267
17 398
18 227
18 809
18 310
18 812
18 394
18 265
19 213
19 682
19 505
19 45
19 427
20 435
20 44
20 212
20 484
20 309
20 412
21 225
21 466
21 764
21 564
21 805
21 569
22 227
22 173
22 578
22 117
22 505
22 201
23 35
23 769
23 415
23 37
23 367
23 382
24 227
24 809
24 382
24 794
25 101
25 764
25 809
25 682
25 578
26 701
26 809
26 382
26 33
26 227
27 405
27 588
27 366
27 601
27 199
27 404
28 227
28 37
28 794
28 809
28 272
29 62
29 410
29 368
29 227
29 339
30 269
30 310
30 763
30 45
30 271
30 277
31 636
31 227
31 270
31 370
31 35
32 415
32 227
32 367
32 370
32 396
32 225
33 809
33 382
33 265
33 227
33 370
34 809
34 794
34 410
34 201
35 809
35 256
35 61
35 227
35 37
36 167
36 362
36 225
36 405
36 764
36 417
37 809
37 370
37 382
37 227
38 788
38 374
38 310
38 56
38 398
38 682
39 760
39 258
39 269
39 340
40 347
40 266
40 133
40 762
40 202
40 663
41 805
41 269
41 764
41 406
42 257
42 272
42 117
42 329
42 409
42 267
43 488
43 521
43 44
43 765
43 394
43 227
44 269
44 682
44 310
44 740
44 127
44 277
45 505
45 310
45 269
45 682
45 277
45 271
46 788
46 578
46 412
46 284
46 764
46 269
47 356
47 581
47 363
47 797
47 400
47 211
48 682
48 101
48 269
48 406
48 427
49 551
49 414
49 208
49 815
49 419
49 201
50 619
50 277
50 374
50 101
50 398
50 310
51 271
51 758
51 682
51 277
51 310
52 275
52 702
52 808
52 425
52 588
52 266
53 267
53 809
53 739
53 398
53 379
54 740
54 193
54 310
54 277
54 269
55 148
55 201
55 412
55 597
55 398
55 310
56 135
56 277
56 291
56 788
56 682
56 488
57 764
57 101
57 374
57 412
57 201
58 791
58 682
58 398
58 740
58 310
58 277
59 685
59 262
59 399
59 386
59 414
59 255
60 310
60 740
60 764
60 398
60 741
61 370
61 227
61 382
62 521
62 339
62 366
62 76
62 368
63 310
63 740
63 682
63 398
64 291
64 488
64 310
64 398
64 212
65 127
65 277
65 398
65 269
65 310
66 101
66 70
66 764
66 741
66 262
67 310
67 150
67 227
67 225
67 758
67 763
68 70
68 758
68 717
68 368
68 398
68 412
69 309
69 795
69 363
69 741
69 72
69 296
70 101
70 461
70 427
70 368
70 398
70 637
71 296
71 412
71 268
71 368
71 758
71 173
72 267
72 285
72 740
72 310
72 398
72 671
73 733
73 384
73 739
73 385
73 255
73 425
74 366
74 597
74 741
74 285
74 398
74 764
75 363
75 412
75 220
75 741
75 267
75 296
76 298
76 277
76 310
76 398
76 269
77 764
77 218
77 310
77 758
77 760
77 763
78 209
78 143
78 741
78 269
78 398
78 193
79 423
79 425
79 550
79 266
79 422
79 103
80 474
80 326
80 384
80 347
80 83
80 418
81 425
81 674
81 228
81 581
81 163
81 409
82 412
82 741
82 262
82 101
82 201
82 374
83 412
83 203
83 296
83 257
83 199
84 225
84 427
84 101
84 227
85 270
85 372
85 382
85 367
86 291
86 600
86 382
86 370
86 227
87 308
87 347
87 268
87 650
87 208
87 100
88 758
88 374
88 764
88 412
88 101
88 368
89 394
89 227
89 379
89 740
89 765
89 291
90 368
90 370
90 333
90 101
91 213
91 636
91 398
91 368
91 101
92 277
92 398
92 269
92 135
92 101
92 682
93 532
93 277
93 398
93 682
93 791
94 366
94 272
94 637
94 101
94 382
95 409
95 101
95 100
95 291
95 134
95 621
96 406
96 143
96 262
96 179
96 412
96 101
97 225
97 199
97 222
97 368
97 101
97 269
98 406
98 143
98 398
98 163
98 791
99 335
99 323
99 403
99 220
99 395
99 798
100 101
100 412
100 368
100 427
101 398
101 619
101 682
101 269
102 339
102 274
102 227
102 262
102 370
103 517
103 414
103 723
103 425
103 423
104 741
104 130
104 764
104 205
104 286
105 671
105 309
105 426
105 741
105 764
105 112
106 278
106 256
106 272
106 117
106 227
107 272
107 258
107 112
107 760
107 117
107 764
108 739
108 581
108 385
108 177
108 211
109 363
109 764
109 399
109 741
109 383
110 384
110 434
110 363
110 296
110 399
110 544
111 505
111 278
111 127
111 135
111 298
112 291
112 117
112 398
112 427
112 764
112 406
113 257
113 268
113 134
113 412
114 505
114 788
114 444
114 127
114 130
115 259
115 272
115 403
115 258
115 741
115 765
116 739
116 412
116 741
116 764
116 296
117 398
117 682
117 310
117 291
117 135
117 227
118 398
118 427
118 316
118 227
118 682
118 125
119 316
119 130
119 310
119 277
119 127
119 135
120 409
120 220
120 385
120 125
120 764
120 422
121 201
121 741
121 154
121 764
121 422
122 316
122 758
122 310
122 427
122 682
122 764
123 212
123 444
123 291
123 422
123 764
123 201
124 751
124 296
124 763
124 399
124 741
124 764
125 135
125 310
125 406
125 127
125 398
125 427
126 229
126 426
126 227
126 256
126 765
127 682
127 277
127 310
127 398
127 316
128 132
128 426
128 384
128 424
128 422
129 422
129 427
129 764
130 210
130 135
130 277
130 625
130 193
131 671
131 682
131 227
131 193
132 309
132 758
132 368
132 398
132 285
132 291
133 272
133 278
133 268
133 417
133 630
133 269
134 398
134 621
134 427
134 201
134 374
135 488
135 444
135 310
135 277
135 682
136 374
136 406
136 361
136 764
136 398
136 427
137 284
137 172
137 444
137 212
137 258
137 764
138 201
138 148
138 164
138 172
138 236
138 231
139 196
139 222
139 741
139 304
139 764
139 217
140 278
140 764
140 168
140 257
140 760
141 201
141 419
141 253
141 199
141 412
142 812
142 763
142 218
142 147
142 765
142 764
143 285
143 398
143 193
143 741
143 310
143 740
144 193
144 209
144 269
144 210
144 277
145 196
145 406
145 741
145 764
145 269
146 427
146 269
146 148
146 172
146 201
146 398
147 269
147 207
147 193
147 277
147 488
147 212
148 720
148 284
148 298
148 310
148 173
148 269
149 201
149 760
149 154
149 249
149 764
150 398
150 227
150 763
150 310
150 193
150 298
151 578
151 210
151 269
151 741
151 154
152 154
152 760
152 201
152 172
153 284
153 269
153 788
153 205
153 741
153 764
154 310
154 209
154 269
154 406
154 578
154 741
155 788
155 277
155 269
155 207
155 271
156 309
156 258
156 412
156 435
156 165
156 171
157 269
157 277
157 193
157 760
157 763
157 218
158 715
158 763
158 318
158 760
158 269
158 758
159 741
159 269
159 204
159 213
159 179
159 764
160 298
160 625
160 271
160 488
160 277
160 193
161 196
161 758
161 203
161 412
161 308
161 764
162 196
162 222
162 234
162 167
162 764
163 277
163 210
163 758
163 193
163 212
164 245
164 258
164 171
164 249
164 201
164 172
165 209
165 284
165 398
165 758
165 269
166 199
166 384
166 220
166 588
166 412
166 201
167 172
167 296
167 741
167 199
167 222
167 764
168 310
168 284
168 271
168 269
168 207
169 384
169 236
169 203
170 201
170 253
170 211
170 220
170 175
171 488
171 173
171 212
171 269
171 398
172 212
172 201
172 193
172 207
172 209
173 269
173 277
173 212
173 298
173 213
173 398
174 209
174 210
174 193
174 207
175 422
175 199
175 226
175 211
176 201
176 220
176 592
176 408
177 226
177 196
177 201
177 764
178 209
178 196
178 231
178 183
178 764
179 488
179 193
179 310
179 227
179 277
180 187
180 296
180 217
180 581
180 764
180 258
181 765
181 394
181 557
181 227
181 521
182 412
182 201
182 427
182 764
183 277
183 298
183 310
183 210
183 193
183 207
184 249
184 231
184 201
185 415
185 225
185 339
185 367
185 227
185 405
186 207
186 298
186 209
186 193
186 212
186 194
187 193
187 210
187 212
187 406
187 201
187 578
188 194
188 230
188 220
188 209
188 286
189 225
189 201
189 764
189 401
190 339
190 405
190 368
190 269
190 225
191 581
191 231
191 225
191 220
191 201
191 199
192 208
192 206
192 228
192 201
193 398
193 310
193 212
193 298
193 227
194 578
194 210
194 207
194 212
195 316
195 763
195 218
195 764
195 760
196 201
196 222
196 269
196 212
196 209
197 231
197 226
197 225
197 222
197 199
198 368
198 496
198 203
198 216
198 308
199 269
199 427
199 764
199 412
199 401
199 201
200 218
200 760
200 210
200 237
201 212
201 227
201 398
201 209
201 213
202 234
202 366
202 216
203 741
203 262
203 304
203 764
204 310
204 488
204 298
204 625
204 207
205 277
205 788
205 248
205 212
206 797
206 227
206 323
207 271
207 269
207 488
207 277
208 227
208 412
209 277
209 284
209 269
209 212
209 788
210 310
210 269
210 277
211 220
211 222
211 363
211 228
212 284
212 277
212 298
212 488
213 682
213 398
213 277
213 310
214 414
214 422
214 427
215 763
215 219
216 370
216 415
216 227
216 701
217 285
217 741
217 284
217 269
217 290
218 298
218 682
218 398
218 277
218 310
219 308
219 296
219 228
219 257
219 616
220 398
220 250
220 597
220 764
220 741
221 764
221 760
222 427
222 225
222 227
223 398
224 379
224 229
224 765
224 227
225 269
225 401
225 339
225 227
226 286
226 741
226 269
227 229
227 265
227 382
227 291
228 269
228 231
228 764
228 258
228 760
229 765
229 291
229 256
229 265
230 765
230 812
230 422
231 269
231 310
231 764
231 284
232 267
232 637
232 398
232 368
232 412
233 387
233 412
233 323
234 427
234 764
235 236
235 304
236 269
236 284
236 250
237 298
237 248
239 296
239 764
239 427
240 245
240 251
240 249
241 356
241 363
241 266
241 589
242 741
242 578
243 398
243 250
243 744
244 765
244 291
244 382
245 374
245 269
245 250
246 765
246 298
247 267
247 269
247 412
247 398
248 812
248 277
248 788
249 578
249 298
250 578
250 277
250 269
250 398
251 398
252 363
253 406
253 427
253 764
254 266
254 363
254 313
255 262
255 375
255 398
255 741
255 399
255 733
256 765
256 265
256 291
257 368
257 353
257 760
257 717
258 277
258 310
258 291
258 284
258 764
258 269
259 409
259 309
259 671
259 764
259 303
259 267
260 272
260 366
260 270
260 291
261 278
261 290
261 298
262 412
262 368
262 294
262 398
262 741
263 272
263 809
263 267
263 329
264 765
264 746
264 382
265 298
265 488
265 291
266 741
266 268
266 368
266 412
267 426
267 682
267 398
267 310
268 368
268 412
268 269
269 682
269 284
269 271
269 310
269 277
270 765
270 394
270 382
271 646
271 310
271 277
272 406
272 682
272 291
272 809
273 303
273 286
273 291
273 765
273 794
273 740
274 401
274 308
274 294
274 339
274 368
275 363
275 399
275 741
275 383
276 597
276 398
276 288
276 741
277 505
277 310
278 291
278 298
278 740
278 682
278 310
279 581
279 296
279 304
280 309
280 741
280 285
281 310
281 285
281 760
281 291
282 701
282 368
282 285
282 308
283 286
283 318
283 285
283 310
283 298
284 788
284 488
284 310
285 298
285 740
285 310
286 291
286 765
286 298
286 812
287 398
287 379
287 296
287 764
287 741
288 398
288 741
288 310
288 740
289 358
289 741
289 421
289 297
290 788
290 298
290 310
290 740
291 682
291 310
291 740
292 398
292 758
292 298
292 310
293 581
293 348
293 739
294 427
294 310
294 368
294 398
294 717
295 308
296 741
296 763
296 764
296 758
297 310
297 741
297 764
298 740
298 310
299 741
300 740
300 310
301 682
301 763
301 310
302 763
302 740
302 625
303 740
303 310
304 310
304 741
304 764
304 412
305 365
305 347
305 384
306 366
306 339
306 308
307 741
308 763
308 368
308 764
308 758
309 740
310 740
310 398
310 682
311 741
311 758
311 740
312 741
312 427
312 764
313 630
313 764
313 412
314 357
314 539
314 404
314 377
315 488
315 740
316 682
316 505
316 625
317 398
317 750
318 763
319 383
319 741
319 581
319 764
320 550
320 400
320 423
320 585
321 344
321 347
321 357
321 762
322 412
322 368
323 398
323 412
324 427
324 374
324 412
324 741
324 398
325 365
325 412
326 353
326 367
326 369
327 711
328 723
328 384
328 347
328 356
329 382
329 339
330 685
330 739
330 384
330 412
331 682
331 412
331 333
332 347
332 605
332 612
333 339
334 401
334 551
334 400
334 408
335 651
335 377
335 795
335 521
336 347
336 337
336 612
336 385
336 728
337 764
337 422
338 711
338 340
338 763
339 382
339 370
339 488
339 682
341 579
341 347
342 422
342 417
342 412
342 363
343 679
343 368
343 408
343 412
344 357
345 715
345 739
345 764
345 741
346 348
346 741
346 412
346 764
346 417
347 384
348 368
348 741
348 398
349 650
349 711
349 682
350 713
351 581
351 764
352 587
352 666
352 723
353 398
353 368
353 717
354 741
354 427
354 764
354 682
354 358
355 608
356 764
356 383
356 581
356 363
357 569
357 701
357 367
358 803
358 406
358 682
359 360
360 698
361 682
361 740
361 406
361 398
362 741
362 412
362 764
363 739
363 764
363 741
364 788
364 812
364 794
365 412
365 368
365 764
365 630
366 382
366 368
366 370
367 415
367 382
367 370
368 758
368 717
368 398
369 427
369 398
369 740
369 794
369 406
370 382
371 764
371 741
372 373
372 382
372 394
373 651
373 740
373 382
373 394
374 788
374 682
374 398
375 741
375 682
375 427
375 398
376 412
376 427
376 398
376 741
377 379
377 396
377 382
378 764
378 741
378 412
379 398
379 788
379 740
380 414
380 427
380 401
380 396
381 406
381 788
381 741
381 398
382 803
382 394
382 809
383 412
383 764
383 399
383 741
384 398
384 412
385 414
385 398
385 764
385 399
386 427
386 398
386 578
387 764
387 427
387 412
388 682
388 758
388 398
389 715
389 758
389 668
389 763
389 760
390 398
390 415
391 581
391 551
391 412
391 458
391 580
392 741
392 398
392 403
393 764
393 741
393 401
393 427
394 740
395 765
395 809
395 794
396 403
397 398
397 412
398 682
398 791
399 791
399 427
399 741
400 427
400 401
400 425
400 422
401 717
401 406
401 427
402 422
402 621
402 414
402 427
402 406
403 427
404 410
404 521
404 795
405 636
405 765
405 412
405 415
406 682
406 427
407 426
407 427
408 410
408 412
408 805
409 427
409 682
409 412
410 573
411 505
411 412
411 427
412 427
413 414
413 551
414 682
414 791
414 764
414 422
414 427
415 765
416 682
416 532
417 741
417 764
419 422
419 427
420 581
420 422
420 427
421 720
421 444
421 788
422 682
422 427
423 425
424 427
425 427
425 426
425 808
427 682
428 764
428 626
428 458
428 793
428 445
429 624
429 436
429 764
430 434
430 436
431 461
431 739
431 582
432 450
432 436
432 764
432 458
433 444
433 788
434 764
434 454
435 444
436 445
436 454
436 458
437 671
437 764
437 451
437 452
438 764
439 764
440 458
440 569
440 764
440 741
441 674
441 454
441 458
442 764
442 459
442 458
443 625
443 458
443 760
443 451
444 625
444 788
444 812
445 625
446 460
446 458
448 458
448 765
449 470
450 625
450 741
450 764
451 764
452 671
453 458
454 764
455 456
455 458
455 460
456 687
457 458
458 746
458 764
460 671
461 505
462 494
463 540
463 585
463 587
464 764
465 488
465 578
466 788
466 682
467 788
467 578
467 741
467 720
468 639
468 811
468 681
468 788
469 573
469 597
470 740
471 788
471 682
472 581
472 616
472 513
472 537
474 764
475 764
476 619
476 682
477 603
478 505
480 788
480 791
480 741
480 740
481 494
481 637
482 764
483 540
483 587
484 578
484 791
485 788
485 532
485 741
486 521
487 580
488 682
489 797
490 581
490 796
490 589
490 588
491 764
492 809
493 739
493 580
493 796
493 581
495 600
495 521
495 557
495 597
495 765
496 758
497 616
497 587
497 581
498 515
498 615
499 741
499 597
499 639
500 794
500 671
500 521
500 557
502 521
503 532
504 581
505 682
507 597
508 740
509 812
509 746
510 760
512 739
512 741
512 764
513 741
513 764
513 578
514 763
515 690
516 637
516 741
518 582
518 578
518 741
519 637
519 580
520 602
521 682
521 740
522 739
522 764
524 578
524 791
525 597
525 741
526 741
526 739
527 597
527 758
527 741
528 542
528 602
530 788
531 551
532 791
532 744
532 740
534 578
535 741
536 717
537 764
537 639
538 617
538 615
538 589
540 710
540 587
540 581
541 798
542 682
543 764
543 581
544 739
544 741
545 723
545 687
545 589
546 597
546 741
547 589
548 585
548 615
548 551
549 764
551 741
551 764
554 557
554 638
554 597
554 578
555 751
555 741
555 581
556 751
557 788
557 740
560 594
560 589
561 711
562 615
562 589
563 788
563 740
564 809
565 619
566 589
566 587
567 682
568 812
568 651
568 809
568 794
569 765
569 769
570 602
571 701
572 792
572 769
573 788
574 701
575 741
575 743
575 597
575 674
576 677
577 739
577 632
578 788
578 791
579 580
580 682
581 741
581 764
584 741
584 764
584 809
586 588
586 589
587 589
588 589
590 812
592 764
592 637
593 651
596 687
597 741
598 764
599 600
599 765
600 765
600 682
602 803
602 744
602 682
603 701
605 739
607 621
607 619
608 741
609 791
610 764
610 740
610 741
611 751
611 740
611 741
612 679
615 723
616 763
616 760
616 764
618 750
619 682
621 682
622 741
622 764
623 764
623 805
624 625
626 740
626 794
627 741
627 764
629 764
629 741
631 764
632 741
635 764
636 788
636 794
637 717
637 682
638 740
639 740
639 741
640 741
641 808
641 797
641 811
645 758
645 646
645 763
646 682
647 763
649 682
649 764
650 765
651 740
651 765
652 758
654 723
655 764
655 791
656 764
657 682
661 741
662 671
663 701
664 741
665 743
665 741
666 764
667 674
667 681
668 763
668 711
668 716
670 733
670 683
670 764
671 682
672 769
673 759
675 739
676 739
676 764
676 741
678 758
680 758
680 720
680 741
681 788
681 682
682 740
683 720
685 741
686 701
687 764
688 764
689 757
690 717
690 758
694 758
694 741
698 722
700 701
700 726
704 720
705 723
706 757
709 716
709 763
709 758
709 720
711 740
712 741
712 720
713 760
716 763
716 758
717 758
718 764
718 720
718 741
720 763
722 741
722 739
722 764
723 764
724 795
725 741
727 764
728 764
728 739
730 739
730 741
731 741
732 741
732 764
733 764
733 741
734 737
734 764
735 797
736 746
736 740
737 740
737 764
738 739
738 741
739 741
739 758
741 758
741 764
742 764
742 758
745 764
746 765
747 799
749 764
751 764
753 809
755 788
756 776
757 765
758 763
760 763
761 762
765 812
766 805
766 808
768 812
769 794
772 798
775 783
777 809
777 812
778 791
778 812
780 795
783 788
787 788
788 794
788 791
789 794
789 809
790 805
790 791
790 793
792 809
792 805
793 809
793 812
793 794
794 809
797 810
797 811
797 808
799 812
800 804
800 802
800 805
802 811
802 809
802 812
803 809
804 811
808 811
810 811
