0 277
0 18
0 229
0 379
0 291
0 265
0 682
0 310
0 809
0 619
0 740
0 227
0 382
0 5
1 532
1 8
1 58
1 638
1 791
1 213
1 461
1 505
1 193
1 316
1 310
1 578
1 398
1 427
2 368
2 5
2 764
2 401
2 427
2 406
2 505
2 15
2 619
2 682
2 374
2 323
2 101
2 201
3 741
3 53
3 348
3 308
3 711
3 485
3 326
3 304
3 534
3 739
3 353
3 327
3 38
3 296
4 788
4 127
4 310
4 682
4 488
4 277
4 58
4 741
4 269
4 578
4 227
4 207
4 791
4 398
5 809
5 265
5 229
5 291
5 277
5 256
5 488
5 227
5 382
5 682
5 135
5 740
5 505
5 44
6 374
6 619
6 717
6 368
6 412
6 294
6 173
6 788
6 809
6 5
6 201
6 44
6 398
6 427
7 363
7 199
7 201
7 639
7 412
7 209
7 231
7 22
7 220
7 290
7 222
7 741
7 15
7 764
8 310
8 56
8 127
8 316
8 791
8 740
8 505
8 58
8 578
8 269
8 682
8 277
8 44
8 398
9 298
9 505
9 740
9 788
9 212
9 193
9 682
9 269
9 45
9 578
9 310
9 488
9 271
9 277
10 22
10 101
10 361
10 63
10 805
10 764
10 412
10 208
10 414
10 416
10 419
10 427
10 2
10 815
11 476
11 141
11 97
11 776
11 167
11 353
11 199
11 234
11 220
11 655
11 10
11 408
11 419
11 232
12 272
12 382
12 370
12 398
12 15
12 368
12 101
12 5
12 262
12 374
12 250
12 227
12 2
12 406
13 310
13 398
13 285
13 54
13 15
13 298
13 193
13 9
13 213
13 740
13 269
13 741
13 44
13 758
14 466
14 406
14 135
14 37
14 272
14 803
14 117
14 682
14 24
14 794
14 809
14 227
14 5
14 505
15 290
15 717
15 406
15 427
15 764
15 682
15 310
15 741
15 398
15 278
15 44
15 277
15 51
15 269
16 414
16 427
16 621
16 422
16 396
16 815
16 199
16 274
16 101
16 63
16 22
16 387
16 412
16 365
17 427
17 744
17 290
17 101
17 406
17 92
17 117
17 65
17 682
17 267
17 310
17 740
17 278
17 398
18 794
18 44
18 625
18 256
18 746
18 5
18 277
18 740
18 227
18 809
18 310
18 812
18 394
18 265
19 619
19 310
19 809
19 277
19 227
19 368
19 101
19 406
19 213
19 5
19 682
19 505
19 45
19 427
20 193
20 291
20 764
20 398
20 578
20 417
20 284
20 212
20 412
20 758
20 484
20 309
20 435
20 44
21 136
21 569
21 403
21 258
21 805
21 792
21 564
21 764
21 466
21 272
21 225
21 367
21 234
21 333
22 15
22 374
22 269
22 310
22 764
22 682
22 406
22 578
22 101
22 117
22 505
22 201
22 227
22 173
23 767
23 5
23 634
23 593
23 227
23 789
23 61
23 35
23 746
23 769
23 415
23 37
23 367
23 382
24 812
24 277
24 765
24 370
24 291
24 37
24 135
24 682
24 227
24 809
24 382
24 18
24 5
24 794
25 201
25 427
25 803
25 269
25 578
25 227
25 406
25 809
25 764
25 213
25 682
25 4
25 209
25 101
26 229
26 594
26 395
26 521
26 0
26 33
26 37
26 809
26 382
26 765
26 701
26 5
26 227
26 370
27 197
27 161
27 405
27 167
27 199
27 404
27 581
27 808
27 220
27 588
27 597
27 366
27 262
27 601
28 33
28 382
28 270
28 35
28 24
28 0
28 272
28 5
28 809
28 37
28 370
28 794
28 265
28 227
29 714
29 682
29 33
29 366
29 339
29 62
29 368
29 809
29 370
29 382
29 410
29 5
29 227
29 270
30 318
30 781
30 44
30 193
30 788
30 740
30 758
30 310
30 269
30 682
30 763
30 45
30 271
30 277
31 799
31 415
31 265
31 765
31 521
31 256
31 382
31 370
31 227
31 636
31 270
31 5
31 339
31 35
32 35
32 634
32 23
32 227
32 370
32 382
32 33
32 396
32 37
32 367
32 415
32 5
32 339
32 225
33 35
33 229
33 44
33 339
33 37
33 227
33 291
33 809
33 5
33 740
33 370
33 265
33 382
33 0
34 101
34 199
34 395
34 24
34 173
34 227
34 794
34 557
34 809
34 22
34 26
34 19
34 410
34 201
35 765
35 415
35 256
35 382
35 229
35 367
35 270
35 265
35 809
35 370
35 61
35 227
35 37
35 5
36 151
36 145
36 412
36 569
36 258
36 362
36 167
36 156
36 262
36 417
36 225
36 405
36 764
36 422
37 229
37 794
37 746
37 382
37 765
37 370
37 5
37 809
37 272
37 265
37 256
37 35
37 227
37 61
38 269
38 54
38 758
38 58
38 379
38 744
38 578
38 412
38 56
38 788
38 310
38 374
38 398
38 682
39 309
39 711
39 5
39 764
39 760
39 258
39 340
39 269
39 682
39 15
39 101
39 291
39 327
39 22
40 357
40 365
40 216
40 268
40 743
40 259
40 133
40 384
40 366
40 266
40 347
40 762
40 202
40 663
41 401
41 412
41 422
41 201
41 805
41 362
41 15
41 764
41 406
41 101
41 5
41 227
41 2
41 269
42 354
42 412
42 199
42 201
42 146
42 624
42 687
42 117
42 257
42 272
42 329
42 401
42 409
42 267
43 791
43 310
43 788
43 193
43 256
43 488
43 5
43 794
43 812
43 521
43 44
43 765
43 394
43 227
44 5
44 398
44 212
44 45
44 505
44 791
44 193
44 291
44 682
44 277
44 740
44 127
44 310
44 269
45 758
45 284
45 717
45 269
45 310
45 9
45 30
45 488
45 271
45 788
45 505
45 44
45 277
45 682
46 740
46 4
46 285
46 54
46 45
46 20
46 578
46 101
46 269
46 764
46 791
46 284
46 412
46 788
47 404
47 399
47 145
47 805
47 199
47 387
47 797
47 53
47 363
47 357
47 356
47 581
47 400
47 211
48 794
48 788
48 310
48 427
48 406
48 764
48 291
48 269
48 5
48 578
48 488
48 682
48 101
48 621
49 427
49 412
49 63
49 422
49 361
49 551
49 173
49 101
49 414
49 416
49 208
49 815
49 419
49 201
50 412
50 125
50 427
50 764
50 269
50 277
50 505
50 398
50 310
50 682
50 101
50 619
50 374
50 45
51 58
51 646
51 740
51 277
51 310
51 758
51 717
51 271
51 269
51 398
51 682
51 45
51 44
51 461
52 710
52 208
52 378
52 585
52 798
52 423
52 79
52 808
52 702
52 275
52 266
52 425
52 588
52 325
53 291
53 368
53 262
53 557
53 521
53 412
53 227
53 739
53 809
53 379
53 267
53 5
53 795
53 398
54 758
54 682
54 9
54 127
54 290
54 398
54 285
54 193
54 740
54 271
54 44
54 310
54 277
54 269
55 45
55 521
55 173
55 269
55 410
55 201
55 741
55 597
55 148
55 426
55 412
55 267
55 398
55 310
56 760
56 763
56 298
56 227
56 193
56 135
56 682
56 277
56 488
56 310
56 291
56 788
56 740
56 44
57 173
57 398
57 416
57 412
57 50
57 201
57 374
57 427
57 368
57 353
57 101
57 764
57 2
57 815
58 406
58 271
58 135
58 56
58 788
58 127
58 269
58 298
58 791
58 682
58 398
58 740
58 310
58 277
59 398
59 101
59 739
59 627
59 323
59 376
59 386
59 262
59 255
59 399
59 741
59 414
59 422
59 685
60 809
60 298
60 508
60 44
60 193
60 427
60 310
60 398
60 15
60 227
60 278
60 740
60 741
60 764
61 256
61 270
61 403
61 272
61 265
61 367
61 339
61 809
61 370
61 5
61 37
61 35
61 227
61 382
62 65
62 269
62 310
62 45
62 51
62 398
62 339
62 521
62 361
62 44
62 366
62 717
62 76
62 368
63 101
63 744
63 406
63 791
63 412
63 764
63 361
63 682
63 58
63 398
63 740
63 310
63 269
63 45
64 298
64 227
64 56
64 193
64 285
64 788
64 127
64 9
64 212
64 291
64 488
64 310
64 44
64 398
65 582
65 758
65 744
65 76
65 58
65 277
65 398
65 682
65 269
65 278
65 127
65 44
65 740
65 310
66 682
66 398
66 304
66 278
66 368
66 269
66 417
66 353
66 101
66 70
66 15
66 764
66 741
66 262
67 741
67 4
67 269
67 56
67 682
67 285
67 765
67 763
67 758
67 150
67 310
67 117
67 227
67 225
68 366
68 76
68 65
68 427
68 285
68 294
68 310
68 296
68 70
68 758
68 717
68 368
68 398
68 412
69 315
69 460
69 399
69 72
69 741
69 287
69 296
69 308
69 143
69 309
69 220
69 795
69 363
69 285
70 65
70 92
70 310
70 717
70 353
70 374
70 101
70 294
70 15
70 461
70 427
70 368
70 398
70 637
71 292
71 717
71 65
71 764
71 45
71 112
71 760
71 427
71 296
71 412
71 268
71 368
71 758
71 173
72 269
72 682
72 193
72 298
72 671
72 521
72 740
72 291
72 285
72 143
72 310
72 267
72 54
72 398
73 266
73 363
73 399
73 220
73 730
73 313
73 385
73 384
73 733
73 425
73 376
73 739
73 255
73 383
74 368
74 310
74 597
74 412
74 764
74 366
74 398
74 285
74 427
74 741
74 227
74 4
74 361
74 521
75 379
75 411
75 764
75 597
75 741
75 739
75 467
75 220
75 412
75 386
75 363
75 267
75 148
75 296
76 715
76 682
76 573
76 65
76 310
76 298
76 740
76 398
76 284
76 277
76 44
76 45
76 269
76 758
77 291
77 117
77 277
77 310
77 717
77 720
77 218
77 764
77 625
77 763
77 760
77 758
77 56
77 682
78 4
78 582
78 484
78 788
78 56
78 163
78 212
78 791
78 209
78 741
78 193
78 269
78 398
78 143
79 623
79 90
79 328
79 199
79 402
79 325
79 517
79 423
79 425
79 550
79 266
79 422
79 211
79 103
80 176
80 203
80 95
80 344
80 408
80 579
80 328
80 384
80 219
80 347
80 326
80 474
80 83
80 418
81 68
81 205
81 356
81 399
81 258
81 422
81 384
81 429
81 425
81 674
81 228
81 581
81 163
81 409
82 682
82 220
82 323
82 368
82 227
82 764
82 398
82 412
82 262
82 741
82 339
82 101
82 201
82 374
83 616
83 294
83 368
83 690
83 101
83 409
83 408
83 100
83 199
83 203
83 22
83 412
83 257
83 296
84 619
84 382
84 117
84 291
84 70
84 621
84 406
84 0
84 427
84 225
84 227
84 5
84 2
84 101
85 339
85 5
85 373
85 396
85 37
85 370
85 227
85 600
85 35
85 270
85 372
85 382
85 61
85 367
86 256
86 101
86 285
86 265
86 92
86 374
86 488
86 44
86 291
86 600
86 382
86 370
86 5
86 227
87 634
87 711
87 100
87 308
87 347
87 268
87 326
87 329
87 474
87 668
87 53
87 650
87 208
87 199
88 122
88 100
88 815
88 201
88 257
88 101
88 361
88 368
88 374
88 412
88 427
88 758
88 2
88 764
89 395
89 741
89 291
89 227
89 43
89 406
89 218
89 636
89 361
89 394
89 740
89 5
89 765
89 379
90 225
90 339
90 367
90 409
90 382
90 323
90 2
90 361
90 368
90 370
90 333
90 63
90 5
90 101
91 227
91 323
91 173
91 412
91 44
91 758
91 379
91 636
91 45
91 5
91 368
91 398
91 213
91 101
92 488
92 374
92 788
92 44
92 45
92 101
92 619
92 269
92 310
92 682
92 406
92 398
92 135
92 277
93 8
93 744
93 30
93 56
93 310
93 740
93 398
93 682
93 406
93 277
93 532
93 758
93 791
93 58
94 398
94 5
94 179
94 409
94 117
94 637
94 366
94 394
94 101
94 382
94 272
94 92
94 227
94 619
95 744
95 2
95 228
95 63
95 39
95 244
95 101
95 100
95 409
95 621
95 134
95 257
95 278
95 291
96 5
96 212
96 285
96 171
96 427
96 227
96 179
96 143
96 406
96 269
96 262
96 368
96 412
96 101
97 173
97 51
97 196
97 368
97 222
97 294
97 225
97 412
97 476
97 62
97 427
97 101
97 269
97 199
98 173
98 213
98 171
98 427
98 44
98 269
98 250
98 93
98 406
98 143
98 398
98 58
98 163
98 791
99 375
99 285
99 403
99 798
99 412
99 395
99 89
99 765
99 262
99 385
99 335
99 220
99 38
99 323
100 323
100 416
100 45
100 101
100 717
100 406
100 368
100 361
100 682
100 412
100 5
100 690
100 427
100 63
101 505
101 310
101 406
101 637
101 5
101 374
101 277
101 368
101 682
101 619
101 398
101 45
101 269
101 92
102 382
102 390
102 268
102 308
102 225
102 405
102 415
102 227
102 370
102 339
102 274
102 5
102 262
102 101
103 266
103 592
103 100
103 550
103 422
103 462
103 427
103 402
103 517
103 414
103 723
103 425
103 96
103 423
104 248
104 763
104 720
104 237
104 154
104 590
104 183
104 811
104 56
104 741
104 130
104 764
104 205
104 286
105 201
105 291
105 395
105 267
105 578
105 793
105 399
105 741
105 764
105 794
105 426
105 309
105 671
105 112
106 625
106 291
106 682
106 229
106 505
106 37
106 406
106 382
106 278
106 256
106 272
106 117
106 227
106 5
107 173
107 717
107 272
107 458
107 130
107 117
107 258
107 616
107 764
107 763
107 760
107 409
107 257
107 112
108 412
108 425
108 741
108 220
108 211
108 177
108 224
108 419
108 587
108 234
108 385
108 739
108 53
108 581
109 104
109 259
109 286
109 72
109 764
109 255
109 258
109 287
109 458
109 363
109 280
109 399
109 741
109 383
110 313
110 276
110 796
110 68
110 685
110 544
110 296
110 739
110 308
110 384
110 363
110 741
110 399
110 434
111 791
111 794
111 811
111 625
111 505
111 127
111 278
111 56
111 310
111 682
111 740
111 135
111 298
111 488
112 740
112 227
112 427
112 426
112 406
112 398
112 374
112 117
112 127
112 682
112 764
112 758
112 310
112 291
113 362
113 422
113 409
113 146
113 304
113 450
113 715
113 414
113 257
113 22
113 268
113 134
113 106
113 412
114 398
114 258
114 277
114 193
114 130
114 788
114 444
114 218
114 625
114 310
114 812
114 505
114 127
114 56
115 291
115 117
115 272
115 262
115 258
115 394
115 220
115 765
115 259
115 270
115 403
115 741
115 746
115 145
116 310
116 361
116 112
116 412
116 165
116 758
116 398
116 368
116 739
116 13
116 741
116 764
116 296
116 379
117 56
117 682
117 291
117 310
117 278
117 5
117 227
117 127
117 135
117 382
117 44
117 398
117 740
117 406
118 267
118 444
118 406
118 310
118 56
118 127
118 135
118 117
118 398
118 427
118 316
118 227
118 682
118 125
119 44
119 277
119 682
119 316
119 130
119 127
119 135
119 625
119 788
119 298
119 444
119 310
119 193
119 671
120 623
120 399
120 296
120 262
120 805
120 414
120 793
120 132
120 409
120 125
120 422
120 220
120 764
120 385
121 427
121 286
121 220
121 578
121 406
121 412
121 151
121 227
121 117
121 201
121 741
121 154
121 764
121 422
122 125
122 740
122 201
122 717
122 619
122 374
122 505
122 406
122 310
122 316
122 682
122 764
122 758
122 427
123 791
123 286
123 227
123 444
123 406
123 212
123 194
123 412
123 135
123 398
123 291
123 422
123 764
123 201
124 412
124 720
124 581
124 199
124 151
124 763
124 399
124 751
124 764
124 269
124 310
124 741
124 296
124 758
125 744
125 671
125 374
125 44
125 740
125 291
125 117
125 135
125 406
125 310
125 682
125 127
125 398
125 427
126 433
126 135
126 291
126 212
126 265
126 488
126 444
126 625
126 229
126 426
126 227
126 5
126 256
126 765
127 406
127 135
127 193
127 298
127 130
127 740
127 505
127 791
127 398
127 316
127 310
127 277
127 682
127 44
128 739
128 400
128 796
128 125
128 414
128 405
128 132
128 385
128 376
128 426
128 384
128 112
128 424
128 422
129 412
129 426
129 758
129 22
129 310
129 398
129 227
129 433
129 112
129 125
129 117
129 422
129 427
129 764
130 444
130 316
130 205
130 788
130 193
130 135
130 127
130 625
130 277
130 291
130 310
130 505
130 406
130 210
131 267
131 375
131 358
131 125
131 764
131 398
131 56
131 310
131 682
131 671
131 227
131 117
131 112
131 193
132 125
132 374
132 268
132 750
132 741
132 412
132 44
132 758
132 310
132 309
132 368
132 398
132 285
132 291
133 76
133 291
133 125
133 368
133 412
133 272
133 278
133 417
133 741
133 44
133 268
133 764
133 630
133 269
134 412
134 715
134 101
134 127
134 207
134 310
134 422
134 414
134 398
134 125
134 621
134 427
134 201
134 374
135 298
135 398
135 5
135 505
135 682
135 127
135 406
135 788
135 310
135 444
135 740
135 277
135 625
135 488
136 619
136 414
136 125
136 227
136 127
136 717
136 741
136 406
136 398
136 682
136 374
136 361
136 764
136 427
137 285
137 9
137 316
137 258
137 764
137 284
137 590
137 488
137 212
137 209
137 812
137 310
137 444
137 172
138 494
138 257
138 580
138 173
138 228
138 148
138 234
138 171
138 201
138 223
138 164
138 172
138 236
138 231
139 739
139 226
139 296
139 196
139 145
139 209
139 309
139 163
139 434
139 222
139 741
139 304
139 764
139 217
140 758
140 269
140 427
140 291
140 228
140 172
140 117
140 168
140 764
140 257
140 56
140 682
140 278
140 760
141 146
141 15
141 220
141 2
141 815
141 222
141 764
141 253
141 201
141 412
141 419
141 422
141 199
141 41
142 193
142 590
142 153
142 237
142 788
142 218
142 204
142 269
142 227
142 763
142 812
142 147
142 765
142 764
143 207
143 163
143 277
143 578
143 212
143 44
143 285
143 269
143 740
143 310
143 398
143 741
143 193
143 791
144 310
144 488
144 207
144 212
144 205
144 56
144 209
144 183
144 277
144 147
144 193
144 269
144 210
144 291
145 101
145 278
145 409
145 222
145 15
145 422
145 406
145 741
145 227
145 154
145 196
145 269
145 764
145 310
146 222
146 209
146 741
146 210
146 207
146 269
146 148
146 151
146 427
146 154
146 398
146 173
146 172
146 201
147 310
147 210
147 194
147 788
147 488
147 193
147 207
147 791
147 212
147 300
147 44
147 578
147 277
147 269
148 172
148 267
148 76
148 179
148 284
148 207
148 277
148 212
148 720
148 398
148 298
148 310
148 173
148 269
149 763
149 417
149 207
149 269
149 201
149 172
149 741
149 760
149 204
149 122
149 154
149 249
149 764
149 147
150 218
150 265
150 209
150 298
150 398
150 212
150 488
150 227
150 763
150 444
150 277
150 193
150 682
150 310
151 250
151 284
151 225
151 207
151 290
151 764
151 154
151 210
151 310
151 578
151 201
151 269
151 741
151 143
152 231
152 764
152 154
152 172
152 151
152 148
152 146
152 758
152 201
152 760
152 427
152 199
152 179
152 763
153 194
153 740
153 222
153 143
153 284
153 269
153 217
153 290
153 444
153 788
153 174
153 205
153 741
153 764
154 143
154 210
154 398
154 207
154 222
154 147
154 578
154 310
154 741
154 209
154 764
154 406
154 427
154 269
155 9
155 310
155 720
155 573
155 284
155 578
155 44
155 193
155 45
155 271
155 788
155 207
155 277
155 269
156 143
156 196
156 173
156 741
156 165
156 209
156 309
156 284
156 171
156 435
156 412
156 201
156 417
156 258
157 9
157 310
157 163
157 318
157 210
157 205
157 291
157 284
157 277
157 269
157 193
157 760
157 763
157 218
158 183
158 461
158 160
158 150
158 221
158 45
158 717
158 296
158 715
158 763
158 318
158 760
158 269
158 758
159 278
159 222
159 290
159 682
159 741
159 179
159 269
159 204
159 578
159 145
159 764
159 213
159 227
159 310
160 269
160 310
160 193
160 271
160 488
160 207
160 682
160 298
160 212
160 760
160 812
160 444
160 277
160 625
161 269
161 363
161 741
161 225
161 20
161 154
161 222
161 196
161 758
161 412
161 764
161 203
161 308
161 368
162 217
162 172
162 154
162 145
162 199
162 220
162 258
162 234
162 222
162 741
162 196
162 167
162 159
162 764
163 788
163 207
163 173
163 209
163 205
163 210
163 212
163 147
163 269
163 277
163 193
163 758
163 309
163 143
164 173
164 148
164 227
164 284
164 193
164 269
164 172
164 171
164 201
164 245
164 249
164 251
164 212
164 258
165 148
165 209
165 284
165 758
165 193
165 285
165 269
165 298
165 76
165 212
165 398
165 44
165 173
165 310
166 22
166 247
166 296
166 616
166 308
166 57
166 588
166 368
166 220
166 408
166 201
166 199
166 412
166 384
167 304
167 178
167 201
167 199
167 764
167 220
167 222
167 741
167 234
167 258
167 363
167 296
167 172
167 151
168 56
168 210
168 172
168 720
168 310
168 193
168 788
168 760
168 284
168 271
168 155
168 269
168 207
168 148
169 60
169 161
169 474
169 149
169 196
169 211
169 203
169 167
169 304
169 384
169 236
169 156
169 412
169 141
170 235
170 141
170 253
170 231
170 220
170 375
170 199
170 412
170 211
170 206
170 167
170 201
170 175
170 236
171 5
171 201
171 758
171 193
171 209
171 298
171 143
171 173
171 488
171 44
171 212
171 269
171 398
171 250
172 374
172 758
172 168
172 760
172 444
172 310
172 148
172 298
172 398
172 212
172 201
172 193
172 207
172 209
173 284
173 201
173 505
173 277
173 269
173 298
173 148
173 193
173 573
173 310
173 212
173 207
173 213
173 398
174 788
174 720
174 300
174 310
174 444
174 183
174 269
174 277
174 209
174 147
174 193
174 210
174 155
174 207
175 262
175 764
175 304
175 151
175 199
175 159
175 226
175 203
175 422
175 196
175 363
175 167
175 220
175 211
176 409
176 199
176 152
176 592
176 220
176 201
176 167
176 141
176 412
176 164
176 597
176 151
176 408
176 146
177 551
177 222
177 422
177 741
177 217
177 226
177 196
177 201
177 764
177 22
177 220
177 154
177 145
177 258
178 720
178 741
178 163
178 217
178 296
178 258
178 284
178 145
178 209
178 764
178 196
178 231
178 183
178 269
179 682
179 269
179 44
179 788
179 210
179 740
179 488
179 227
179 193
179 291
179 135
179 310
179 298
179 277
180 147
180 203
180 741
180 196
180 231
180 167
180 199
180 187
180 217
180 581
180 296
180 220
180 764
180 258
181 795
181 382
181 765
181 651
181 410
181 740
181 594
181 606
181 394
181 267
181 557
181 227
181 521
181 179
182 222
182 136
182 741
182 406
182 398
182 422
182 220
182 145
182 412
182 201
182 154
182 427
182 151
182 764
183 488
183 284
183 209
183 194
183 212
183 269
183 135
183 444
183 277
183 298
183 310
183 210
183 193
183 207
184 234
184 245
184 269
184 209
184 763
184 760
184 163
184 146
184 152
184 231
184 148
184 172
184 249
184 201
185 234
185 390
185 366
185 31
185 29
185 377
185 701
185 225
185 757
185 415
185 339
185 367
185 227
185 405
186 290
186 286
186 173
186 205
186 573
186 210
186 212
186 209
186 207
186 788
186 578
186 298
186 194
186 193
187 143
187 194
187 227
187 444
187 671
187 788
187 578
187 212
187 210
187 269
187 406
187 201
187 250
187 193
188 303
188 222
188 812
188 212
188 765
188 590
188 172
188 217
188 286
188 230
188 209
188 194
188 147
188 220
189 231
189 41
189 226
189 199
189 149
189 154
189 196
189 172
189 222
189 145
189 225
189 201
189 764
189 401
190 637
190 274
190 220
190 201
190 63
190 636
190 101
190 412
190 339
190 148
190 405
190 368
190 269
190 225
191 234
191 187
191 222
191 401
191 399
191 296
191 145
191 167
191 225
191 220
191 201
191 199
191 581
191 231
192 598
192 209
192 22
192 220
192 199
192 177
192 580
192 141
192 208
192 206
192 228
192 171
192 156
192 201
193 209
193 44
193 788
193 488
193 207
193 740
193 213
193 277
193 398
193 127
193 310
193 212
193 298
193 227
194 209
194 284
194 788
194 193
194 183
194 578
194 298
194 791
194 210
194 212
194 147
194 269
194 207
194 205
195 183
195 291
195 231
195 160
195 193
195 210
195 298
195 764
195 763
195 316
195 218
195 56
195 758
195 760
196 154
196 578
196 173
196 298
196 269
196 310
196 201
196 148
196 209
196 143
196 212
196 222
196 284
196 250
197 223
197 199
197 222
197 172
197 225
197 226
197 227
197 231
197 196
197 236
197 258
197 264
197 187
197 209
198 304
198 165
198 268
198 236
198 262
198 163
198 161
198 308
198 368
198 216
198 739
198 496
198 203
198 175
199 310
199 213
199 225
199 521
199 339
199 398
199 227
199 222
199 269
199 427
199 764
199 412
199 401
199 201
200 625
200 56
200 248
200 764
200 310
200 218
200 269
200 760
200 183
200 193
200 291
200 210
200 237
200 205
201 207
201 427
201 788
201 267
201 374
201 398
201 310
201 406
201 269
201 213
201 212
201 209
201 173
201 227
202 403
202 753
202 308
202 165
202 220
202 178
202 216
202 366
202 225
202 167
202 199
202 145
202 234
202 161
203 225
203 258
203 199
203 161
203 151
203 412
203 368
203 741
203 228
203 145
203 758
203 764
203 262
203 304
204 271
204 269
204 212
204 277
204 193
204 488
204 218
204 682
204 173
204 310
204 298
204 625
204 207
204 406
205 791
205 271
205 209
205 210
205 207
205 237
205 212
205 298
205 56
205 193
205 277
205 788
205 248
205 130
206 53
206 26
206 410
206 33
206 797
206 416
206 521
206 323
206 270
206 227
206 222
206 199
206 201
206 412
207 210
207 398
207 578
207 300
207 127
207 791
207 788
207 310
207 193
207 271
207 269
207 155
207 488
207 277
208 173
208 427
208 136
208 222
208 412
208 22
208 764
208 422
208 101
208 425
208 117
208 201
208 199
208 227
209 488
209 173
209 201
209 578
209 207
209 290
209 193
209 284
209 298
209 277
209 398
209 269
209 212
209 788
210 250
210 213
210 193
210 277
210 269
210 130
210 578
210 406
210 310
210 127
210 207
210 284
210 212
210 788
211 383
211 587
211 412
211 196
211 385
211 199
211 581
211 764
211 363
211 222
211 175
211 203
211 228
211 220
212 9
212 505
212 788
212 213
212 265
212 398
212 44
212 578
212 284
212 298
212 277
212 209
212 488
212 193
213 173
213 791
213 44
213 788
213 398
213 212
213 310
213 127
213 505
213 277
213 682
213 740
213 193
213 227
214 411
214 154
214 412
214 201
214 406
214 427
214 151
214 177
214 422
214 741
214 145
214 146
214 258
214 414
215 338
215 30
215 302
215 195
215 219
215 760
215 647
215 763
215 178
215 158
215 157
215 296
215 77
215 758
216 757
216 765
216 308
216 412
216 201
216 379
216 179
216 291
216 415
216 227
216 33
216 701
216 5
216 370
217 179
217 720
217 148
217 277
217 284
217 285
217 209
217 290
217 741
217 310
217 764
217 269
217 210
217 258
218 758
218 127
218 44
218 56
218 763
218 740
218 788
218 298
218 290
218 682
218 398
218 277
218 310
218 193
219 758
219 760
219 68
219 161
219 268
219 239
219 764
219 234
219 296
219 308
219 228
219 203
219 257
219 616
220 227
220 145
220 406
220 199
220 375
220 222
220 597
220 741
220 151
220 267
220 398
220 764
220 250
220 201
221 682
221 248
221 201
221 207
221 204
221 218
221 269
221 148
221 284
221 764
221 310
221 200
221 760
221 210
222 212
222 682
222 398
222 298
222 173
222 250
222 196
222 209
222 193
222 225
222 764
222 427
222 154
222 227
223 210
223 207
223 172
223 250
223 193
223 267
223 196
223 398
223 269
223 212
223 209
223 148
223 201
223 173
224 286
224 193
224 212
224 395
224 209
224 179
224 291
224 183
224 147
224 229
224 227
224 379
224 765
224 210
225 600
225 154
225 382
225 401
225 339
225 764
225 269
225 619
225 227
225 5
225 427
225 222
225 682
225 0
226 218
226 285
226 298
226 196
226 183
226 764
226 286
226 209
226 154
226 217
226 310
226 148
226 741
226 269
227 488
227 394
227 398
227 213
227 740
227 117
227 5
227 229
227 193
227 682
227 265
227 310
227 291
227 382
228 308
228 46
228 225
228 269
228 764
228 209
228 258
228 291
228 760
228 231
228 172
228 758
228 144
228 145
229 382
229 488
229 212
229 298
229 135
229 193
229 5
229 625
229 765
229 291
229 740
229 227
229 256
229 265
230 258
230 209
230 793
230 764
230 765
230 212
230 201
230 284
230 204
230 24
230 812
230 422
230 154
230 22
231 210
231 201
231 444
231 4
231 578
231 310
231 284
231 269
231 207
231 209
231 764
231 682
231 193
231 227
232 764
232 101
232 758
232 201
232 148
232 76
232 173
232 310
232 398
232 368
232 637
232 267
232 412
232 58
233 199
233 145
233 419
233 236
233 223
233 244
233 220
233 764
233 387
233 201
233 412
233 164
233 323
233 222
234 249
234 296
234 193
234 405
234 285
234 741
234 201
234 222
234 172
234 427
234 227
234 231
234 764
234 225
235 412
235 266
235 408
235 222
235 581
235 304
235 236
235 156
235 167
235 175
235 220
235 356
235 363
235 257
236 222
236 398
236 163
236 196
236 269
236 578
236 212
236 201
236 245
236 412
236 284
236 250
236 165
236 209
237 207
237 213
237 316
237 488
237 209
237 56
237 193
237 298
237 205
237 291
237 210
237 212
237 248
237 227
238 720
238 172
238 644
238 173
238 212
238 237
238 209
238 205
238 194
238 174
238 210
238 207
238 193
238 183
239 57
239 592
239 805
239 201
239 401
239 167
239 141
239 412
239 203
239 296
239 145
239 764
239 427
239 199
240 154
240 165
240 242
240 20
240 196
240 156
240 220
240 201
240 237
240 245
240 251
240 164
240 236
240 249
241 308
241 588
241 203
241 356
241 347
241 220
241 587
241 167
241 156
241 363
241 266
241 589
241 175
241 211
242 638
242 398
242 227
242 9
242 249
242 636
242 201
242 379
242 741
242 237
242 209
242 578
242 193
242 212
243 150
243 741
243 222
243 147
243 60
243 406
243 250
243 508
243 249
243 398
243 193
243 210
243 744
243 174
244 406
244 394
244 382
244 258
244 179
244 398
244 201
244 765
244 309
244 291
244 744
244 227
244 163
244 117
245 210
245 193
245 147
245 284
245 619
245 277
245 143
245 173
245 207
245 638
245 374
245 269
245 212
245 250
246 812
246 227
246 207
246 209
246 744
246 201
246 250
246 193
246 173
246 578
246 210
246 765
246 212
246 298
247 165
247 284
247 207
247 368
247 209
247 310
247 173
247 412
247 269
247 201
247 148
247 267
247 398
247 250
248 210
248 788
248 298
248 212
248 277
248 205
248 56
248 207
248 193
248 209
248 812
248 237
248 310
248 218
249 290
249 250
249 147
249 310
249 245
249 207
249 741
249 212
249 173
249 193
249 201
249 578
249 298
249 210
250 791
250 227
250 212
250 398
250 210
250 209
250 207
250 269
250 682
250 193
250 578
250 744
250 44
250 277
251 597
251 164
251 143
251 247
251 172
251 267
251 212
251 249
251 148
251 398
251 201
251 207
251 173
251 193
252 222
252 387
252 141
252 161
252 175
252 234
252 60
252 587
252 206
252 236
252 203
252 220
252 211
252 363
253 249
253 207
253 209
253 222
253 398
253 401
253 427
253 154
253 227
253 204
253 201
253 172
253 406
253 764
254 206
254 167
254 275
254 304
254 587
254 211
254 347
254 203
254 356
254 363
254 728
254 161
254 313
254 266
255 376
255 758
255 310
255 143
255 733
255 193
255 764
255 262
255 375
255 209
255 398
255 741
255 399
255 739
256 298
256 740
256 310
256 394
256 300
256 625
256 382
256 135
256 5
256 765
256 265
256 291
256 227
256 229
257 361
257 272
257 51
257 682
257 398
257 117
257 15
257 368
257 101
257 409
257 353
257 760
257 717
257 427
258 488
258 277
258 578
258 212
258 760
258 791
258 298
258 285
258 741
258 310
258 291
258 284
258 764
258 269
259 285
259 433
259 135
259 117
259 741
259 582
259 309
259 671
259 272
259 269
259 409
259 267
259 764
259 303
260 298
260 265
260 262
260 291
260 267
260 5
260 701
260 256
260 270
260 272
260 765
260 227
260 366
260 394
261 193
261 398
261 310
261 183
261 290
261 298
261 644
261 278
261 227
261 267
261 135
261 258
261 444
261 222
262 269
262 268
262 15
262 398
262 412
262 294
262 285
262 374
262 368
262 227
262 764
262 101
262 310
262 741
263 222
263 274
263 339
263 282
263 329
263 396
263 272
263 270
263 809
263 60
263 262
263 267
263 264
263 741
264 15
264 270
264 229
264 256
264 5
264 265
264 764
264 741
264 809
264 227
264 765
264 225
264 746
264 382
265 382
265 809
265 44
265 193
265 277
265 56
265 5
265 212
265 488
265 256
265 227
265 298
265 291
265 229
266 304
266 296
266 384
266 597
266 199
266 101
266 15
266 739
266 262
266 368
266 741
266 268
266 764
266 412
267 213
267 201
267 374
267 398
267 310
267 193
267 298
267 426
267 135
267 127
267 290
267 740
267 682
267 227
268 5
268 417
268 76
268 764
268 398
268 758
268 285
268 132
268 741
268 262
268 15
268 412
268 368
268 269
269 740
269 758
269 271
269 9
269 788
269 45
269 277
269 207
269 284
269 310
269 720
269 488
269 682
269 44
270 61
270 339
270 35
270 37
270 382
270 5
270 394
270 809
270 265
270 256
270 227
270 765
270 701
270 229
271 488
271 269
271 207
271 720
271 9
271 277
271 791
271 646
271 30
271 45
271 44
271 155
271 682
271 310
272 382
272 794
272 803
272 310
272 278
272 398
272 256
272 505
272 406
272 682
272 291
272 135
272 5
272 809
273 193
273 290
273 809
273 258
273 256
273 309
273 298
273 303
273 291
273 286
273 812
273 765
273 794
273 740
274 5
274 717
274 427
274 398
274 101
274 368
274 361
274 339
274 308
274 294
274 401
274 412
274 262
274 764
275 231
275 285
275 60
275 315
275 356
275 384
275 383
275 399
275 363
275 741
275 266
275 262
275 199
275 220
276 268
276 795
276 366
276 262
276 288
276 764
276 308
276 412
276 222
276 267
276 597
276 741
276 398
276 60
277 9
277 791
277 298
277 740
277 788
277 488
277 271
277 269
277 44
277 505
277 45
277 310
277 682
277 135
278 117
278 744
278 298
278 488
278 269
278 398
278 135
278 290
278 291
278 127
278 277
278 740
278 682
278 310
279 257
279 764
279 354
279 340
279 222
279 363
279 234
279 258
279 308
279 178
279 296
279 304
279 167
279 581
280 795
280 398
280 290
280 284
280 212
280 72
280 310
280 285
280 193
280 309
280 741
280 465
280 20
280 54
281 290
281 56
281 193
281 763
281 298
281 318
281 269
281 682
281 278
281 310
281 285
281 277
281 760
281 291
282 382
282 795
282 398
282 315
282 227
282 268
282 262
282 285
282 270
282 308
282 265
282 368
282 701
282 132
283 193
283 291
283 210
283 398
283 284
283 290
283 277
283 758
283 286
283 318
283 269
283 285
283 310
283 298
284 758
284 207
284 298
284 271
284 209
284 578
284 212
284 310
284 269
284 277
284 682
284 45
284 788
284 488
285 143
285 278
285 578
285 758
285 398
285 269
285 277
285 740
285 127
285 193
285 44
285 54
285 310
285 298
286 56
286 183
286 212
286 310
286 765
286 227
286 298
286 291
286 285
286 256
286 812
286 193
286 444
286 265
287 227
287 739
287 288
287 741
287 398
287 291
287 765
287 308
287 267
287 285
287 310
287 296
287 764
287 379
288 285
288 298
288 291
288 794
288 56
288 267
288 744
288 741
288 740
288 398
288 290
288 193
288 310
288 278
289 581
289 310
289 178
289 153
289 811
289 291
289 358
289 764
289 150
289 258
289 741
289 421
289 297
289 264
290 278
290 682
290 578
290 744
290 291
290 269
290 277
290 788
290 135
290 310
290 398
290 193
290 740
290 298
291 5
291 398
291 193
291 298
291 256
291 682
291 44
291 316
291 265
291 740
291 277
291 227
291 56
291 310
292 269
292 310
292 58
292 740
292 760
292 278
292 398
292 758
292 717
292 298
292 316
292 682
292 291
292 290
293 283
293 795
293 581
293 348
293 304
293 255
293 741
293 262
293 258
293 739
293 294
293 280
293 165
293 285
294 758
294 374
294 412
294 619
294 682
294 262
294 427
294 368
294 310
294 505
294 101
294 398
294 717
294 361
295 148
295 758
295 743
295 267
295 68
295 368
295 156
295 308
295 741
295 285
295 283
295 268
295 258
295 262
296 112
296 269
296 278
296 398
296 412
296 758
296 285
296 741
296 54
296 310
296 258
296 764
296 386
296 763
297 746
297 285
297 56
297 284
297 298
297 269
297 277
297 278
297 310
297 741
297 291
297 283
297 764
297 290
298 573
298 278
298 290
298 682
298 44
298 398
298 193
298 444
298 127
298 277
298 740
298 212
298 310
298 488
299 285
299 292
299 225
299 269
299 741
299 236
299 154
299 231
299 758
299 255
299 151
299 222
299 764
299 209
300 394
300 256
300 44
300 207
300 316
300 740
300 193
300 625
300 505
300 488
300 298
300 277
300 127
300 310
301 213
301 45
301 271
301 277
301 30
301 625
301 285
301 763
301 310
301 193
301 682
301 135
301 740
301 298
302 277
302 394
302 218
302 763
302 193
302 298
302 760
302 291
302 290
302 300
302 278
302 740
302 310
302 625
303 290
303 267
303 812
303 285
303 488
303 300
303 765
303 135
303 740
303 256
303 310
303 265
303 127
303 298
304 285
304 711
304 258
304 368
304 739
304 740
304 15
304 741
304 412
304 262
304 310
304 758
304 764
304 717
305 333
305 325
305 175
305 313
305 296
305 167
305 259
305 384
305 304
305 347
305 344
305 268
305 365
305 266
306 266
306 368
306 282
306 199
306 764
306 396
306 329
306 225
306 274
306 268
306 264
306 366
306 339
306 308
307 309
307 226
307 581
307 143
307 764
307 284
307 72
307 741
307 297
307 283
307 217
307 285
307 280
307 258
308 310
308 741
308 379
308 412
308 284
308 269
308 309
308 368
308 764
308 763
308 291
308 758
308 132
308 285
309 290
309 310
309 54
309 758
309 193
309 44
309 212
309 163
309 269
309 285
309 291
309 740
309 298
309 277
310 45
310 278
310 44
310 316
310 193
310 135
310 788
310 398
310 740
310 682
310 127
310 298
310 277
310 269
311 143
311 267
311 304
311 193
311 250
311 285
311 310
311 758
311 291
311 398
311 298
311 741
311 278
311 740
312 581
312 304
312 225
312 414
312 60
312 258
312 401
312 809
312 764
312 803
312 278
312 222
312 427
312 741
313 294
313 269
313 398
313 132
313 412
313 285
313 304
313 630
313 308
313 268
313 764
313 262
313 309
313 741
314 308
314 375
314 405
314 403
314 333
314 743
314 304
314 404
314 264
314 539
314 357
314 377
314 274
314 262
315 212
315 298
315 209
315 398
315 284
315 488
315 193
315 143
315 56
315 207
315 285
315 741
315 269
315 740
316 444
316 298
316 803
316 277
316 740
316 310
316 682
316 625
316 127
316 44
316 505
316 193
316 406
316 291
317 258
317 741
317 209
317 285
317 165
317 227
317 298
317 290
317 398
317 286
317 193
317 183
317 284
317 750
318 44
318 720
318 682
318 763
318 193
318 398
318 298
318 277
318 271
318 127
318 269
318 310
318 30
318 45
319 281
319 313
319 222
319 285
319 296
319 741
319 513
319 217
319 764
319 258
319 304
319 581
319 153
319 383
320 175
320 687
320 412
320 429
320 585
320 423
320 402
320 400
320 347
320 550
320 239
320 141
320 266
320 422
321 650
321 326
321 216
321 603
321 266
321 404
321 274
321 308
321 367
321 344
321 347
321 357
321 185
321 762
322 60
322 408
322 257
322 274
322 741
322 68
322 366
322 412
322 225
322 296
322 368
322 308
322 304
322 70
323 582
323 339
323 368
323 101
323 44
323 213
323 269
323 212
323 5
323 173
323 398
323 201
323 410
323 412
324 764
324 368
324 715
324 269
324 310
324 101
324 717
324 758
324 427
324 374
324 412
324 741
324 201
324 398
325 630
325 422
325 15
325 201
325 368
325 22
325 324
325 323
325 101
325 365
325 199
325 268
325 262
325 412
326 329
326 412
326 382
326 339
326 369
326 272
326 353
326 53
326 262
326 51
326 227
326 367
326 368
326 361
327 758
327 269
327 398
327 340
327 54
327 277
327 258
327 717
327 763
327 711
327 310
327 15
327 764
327 44
328 654
328 262
328 203
328 211
328 68
328 723
328 161
328 687
328 325
328 228
328 266
328 384
328 347
328 356
329 409
329 267
329 764
329 717
329 101
329 382
329 521
329 227
329 412
329 339
329 269
329 5
329 682
329 272
330 759
330 581
330 404
330 390
330 728
330 304
330 685
330 739
330 199
330 296
330 708
330 384
330 68
330 412
331 327
331 44
331 333
331 269
331 45
331 644
331 682
331 412
331 764
331 54
331 48
331 291
331 46
331 681
332 262
332 329
332 605
332 266
332 254
332 363
332 343
332 612
332 313
332 161
332 304
332 347
332 175
332 384
333 361
333 310
333 382
333 682
333 427
333 278
333 285
333 5
333 269
333 15
333 272
333 327
333 764
333 339
334 225
334 692
334 422
334 371
334 304
334 414
334 199
334 412
334 136
334 408
334 400
334 401
334 551
334 378
335 282
335 382
335 323
335 701
335 377
335 268
335 262
335 711
335 521
335 795
335 597
335 685
335 651
335 270
336 198
336 313
336 384
336 203
336 275
336 325
336 585
336 612
336 385
336 337
336 702
336 266
336 728
336 347
337 758
337 201
337 412
337 764
337 400
337 258
337 268
337 368
337 404
337 422
337 171
337 324
337 262
337 101
338 758
338 720
338 461
338 101
338 327
338 45
338 646
338 5
338 711
338 340
338 763
338 269
338 271
338 277
339 361
339 265
339 740
339 521
339 809
339 310
339 619
339 366
339 370
339 5
339 488
339 227
339 682
339 382
340 711
340 51
340 717
340 44
340 505
340 101
340 461
340 310
340 277
340 682
340 271
340 269
340 338
340 45
341 305
341 363
341 654
341 175
341 347
341 266
341 579
341 328
341 239
341 687
341 343
341 356
341 203
341 344
342 266
342 323
342 525
342 384
342 324
342 262
342 741
342 156
342 419
342 422
342 417
342 412
342 268
342 363
343 267
343 353
343 711
343 68
343 739
343 652
343 101
343 304
343 408
343 308
343 323
343 679
343 412
343 368
344 539
344 225
344 363
344 496
344 167
344 262
344 68
344 304
344 274
344 357
344 308
344 234
344 203
344 326
345 327
345 412
345 304
345 386
345 199
345 269
345 296
345 15
345 741
345 715
345 597
345 739
345 764
345 268
346 212
346 799
346 285
346 417
346 412
346 20
346 54
346 764
346 741
346 304
346 348
346 309
346 327
346 630
347 313
347 325
347 343
347 412
347 161
347 308
347 434
347 203
347 328
347 304
347 268
347 266
347 384
347 68
348 739
348 44
348 361
348 461
348 717
348 262
348 368
348 310
348 285
348 398
348 682
348 51
348 741
348 294
349 367
349 375
349 348
349 741
349 379
349 354
349 53
349 358
349 764
349 650
349 711
349 296
349 304
349 682
350 286
350 645
350 412
350 340
350 644
350 54
350 9
350 271
350 269
350 484
350 285
350 713
350 327
350 674
351 412
351 72
351 354
351 217
351 713
351 458
351 581
351 264
351 422
351 226
351 304
351 286
351 258
351 764
352 413
352 612
352 208
352 666
352 100
352 347
352 343
352 679
352 496
352 723
352 587
352 323
352 304
352 97
353 412
353 70
353 637
353 758
353 15
353 310
353 368
353 269
353 62
353 717
353 398
353 101
353 51
353 76
354 740
354 278
354 398
354 285
354 271
354 310
354 427
354 358
354 267
354 741
354 760
354 682
354 717
354 764
355 220
355 259
355 203
355 347
355 608
355 175
355 385
355 68
355 167
355 239
355 743
355 320
355 161
355 266
356 422
356 304
356 228
356 285
356 764
356 327
356 309
356 741
356 587
356 383
356 199
356 296
356 581
356 363
357 757
357 382
357 415
357 268
357 227
357 339
357 262
357 370
357 701
357 326
357 377
357 569
357 396
357 367
358 398
358 619
358 803
358 227
358 788
358 310
358 316
358 45
358 809
358 682
358 406
358 135
358 740
358 277
359 275
359 341
359 698
359 355
359 203
359 384
359 69
359 40
359 110
359 305
359 360
359 332
359 266
359 347
360 345
360 612
360 110
360 341
360 254
360 479
360 605
360 305
360 355
360 352
360 347
360 332
360 698
360 359
361 717
361 505
361 758
361 227
361 44
361 427
361 310
361 406
361 5
361 398
361 740
361 127
361 394
361 682
362 201
362 394
362 106
362 269
362 427
362 300
362 15
362 5
362 227
362 764
362 268
362 412
362 204
362 741
363 255
363 296
363 15
363 379
363 383
363 60
363 399
363 412
363 285
363 304
363 262
363 739
363 764
363 741
364 764
364 521
364 765
364 444
364 227
364 569
364 741
364 590
364 788
364 4
364 285
364 812
364 794
364 147
365 269
365 346
365 15
365 20
365 294
365 324
365 101
365 417
365 268
365 262
365 368
365 630
365 412
365 764
366 582
366 488
366 310
366 213
366 278
366 398
366 382
366 5
366 339
366 227
366 368
366 370
366 521
366 62
367 33
367 339
367 736
367 379
367 24
367 227
367 35
367 5
367 37
367 61
367 370
367 382
367 415
367 0
368 682
368 5
368 44
368 294
368 717
368 412
368 45
368 51
368 398
368 101
368 361
368 62
368 366
368 758
369 505
369 764
369 15
369 44
369 406
369 682
369 227
369 310
369 5
369 427
369 740
369 794
369 361
369 398
370 701
370 794
370 227
370 265
370 37
370 33
370 339
370 5
370 809
370 366
370 367
370 382
370 415
370 488
371 145
371 323
371 805
371 569
371 60
371 401
371 272
371 220
371 809
371 199
371 13
371 764
371 741
371 362
372 370
372 651
372 394
372 382
372 373
372 5
372 44
372 270
372 265
372 256
372 227
372 600
372 415
372 0
373 794
373 265
373 256
373 415
373 379
373 44
373 5
373 809
373 651
373 227
373 372
373 740
373 382
373 394
374 505
374 284
374 269
374 207
374 310
374 682
374 227
374 619
374 788
374 406
374 44
374 212
374 277
374 398
375 9
375 358
375 597
375 406
375 310
375 741
375 316
375 427
375 127
375 773
375 791
375 213
375 682
375 398
376 739
376 101
376 374
376 532
376 764
376 368
376 412
376 758
376 791
376 427
376 310
376 398
376 741
376 262
377 270
377 367
377 368
377 61
377 372
377 403
377 701
377 415
377 379
377 370
377 227
377 396
377 382
377 366
378 368
378 427
378 294
378 637
378 401
378 376
378 414
378 199
378 412
378 741
378 375
378 262
378 255
378 764
379 791
379 56
379 45
379 682
379 291
379 310
379 44
379 277
379 227
379 5
379 213
379 398
379 788
379 740
380 262
380 227
380 225
380 368
380 398
380 764
380 403
380 256
380 414
380 427
380 401
380 339
380 396
380 199
381 386
381 227
381 262
381 682
381 788
381 379
381 741
381 63
381 597
381 398
381 374
381 406
381 412
381 427
382 44
382 291
382 265
382 682
382 256
382 794
382 740
382 370
382 394
382 803
382 117
382 5
382 227
382 809
383 60
383 262
383 220
383 597
383 15
383 741
383 285
383 296
383 398
383 399
383 412
383 363
383 764
383 304
384 76
384 422
384 741
384 739
384 409
384 368
384 20
384 348
384 398
384 294
384 268
384 68
384 412
384 262
385 741
385 412
385 255
385 201
385 427
385 395
385 227
385 414
385 398
385 376
385 112
385 764
385 262
385 399
386 682
386 298
386 213
386 9
386 671
386 427
386 267
386 127
386 271
386 379
386 285
386 310
386 398
386 578
387 401
387 199
387 410
387 222
387 227
387 398
387 262
387 403
387 63
387 112
387 412
387 385
387 764
387 427
388 717
388 803
388 427
388 316
388 127
388 505
388 361
388 374
388 398
388 406
388 51
388 310
388 682
388 758
389 368
389 268
389 308
389 219
389 221
389 616
389 149
389 71
389 715
389 77
389 758
389 668
389 763
389 760
390 54
390 415
390 227
390 398
390 382
390 379
390 765
390 682
390 193
390 291
390 740
390 310
390 117
390 0
391 206
391 353
391 728
391 400
391 764
391 199
391 587
391 598
391 580
391 551
391 412
391 201
391 458
391 581
392 220
392 385
392 427
392 267
392 401
392 15
392 387
392 398
392 403
392 376
392 262
392 741
392 60
392 272
393 117
393 406
393 374
393 414
393 412
393 398
393 4
393 375
393 741
393 764
393 401
393 427
393 368
393 227
394 809
394 373
394 300
394 794
394 127
394 398
394 5
394 227
394 740
394 765
394 256
394 382
394 44
394 310
395 651
395 24
395 521
395 671
395 394
395 382
395 379
395 809
395 291
395 765
395 794
395 256
395 227
395 56
396 291
396 769
396 809
396 265
396 427
396 370
396 377
396 61
396 403
396 256
396 5
396 227
396 382
396 272
397 101
397 294
397 401
397 374
397 368
397 764
397 262
397 268
397 274
397 324
397 741
397 427
397 398
397 412
398 374
398 427
398 740
398 406
398 44
398 298
398 277
398 788
398 310
398 791
398 682
398 58
398 127
398 193
399 581
399 375
399 60
399 285
399 310
399 791
399 255
399 427
399 72
399 193
399 741
399 127
399 143
399 398
400 412
400 409
400 227
400 419
400 22
400 187
400 425
400 201
400 199
400 406
400 422
400 402
400 401
400 427
401 412
401 358
401 803
401 682
401 764
401 427
401 225
401 227
401 809
401 406
401 619
401 5
401 717
401 398
402 374
402 5
402 393
402 48
402 125
402 2
402 764
402 400
402 401
402 621
402 406
402 427
402 422
402 414
403 394
403 396
403 726
403 379
403 117
403 310
403 272
403 61
403 267
403 382
403 427
403 5
403 227
403 398
404 382
404 764
404 636
404 578
404 410
404 285
404 9
404 379
404 795
404 398
404 227
404 521
404 5
404 310
405 4
405 764
405 269
405 636
405 415
405 285
405 339
405 741
405 765
405 398
405 412
405 5
405 390
405 227
406 788
406 505
406 44
406 791
406 316
406 227
406 740
406 310
406 427
406 127
406 277
406 682
406 398
406 135
407 285
407 374
407 764
407 426
407 201
407 427
407 412
407 112
407 227
407 406
407 403
407 401
407 398
407 267
408 427
408 57
408 409
408 580
408 422
408 267
408 323
408 368
408 387
408 410
408 412
408 199
408 805
408 201
409 760
409 125
409 5
409 65
409 101
409 135
409 682
409 412
409 427
409 269
409 117
409 267
409 278
409 406
410 682
410 9
410 765
410 379
410 267
410 339
410 227
410 323
410 398
410 521
410 213
410 173
410 5
410 573
411 791
411 741
411 671
411 682
411 578
411 277
411 764
411 398
411 269
411 412
411 505
411 379
411 406
411 427
412 284
412 682
412 406
412 44
412 374
412 427
412 310
412 45
412 398
412 764
412 758
412 201
412 368
412 269
413 255
413 132
413 655
413 741
413 422
413 201
413 101
413 414
413 268
413 412
413 398
413 551
413 384
413 424
414 398
414 717
414 125
414 416
414 803
414 406
414 791
414 764
414 136
414 422
414 682
414 427
414 310
414 374
415 390
415 367
415 339
415 229
415 765
415 394
415 256
415 373
415 651
415 37
415 370
415 5
415 382
415 227
416 744
416 358
416 412
416 740
416 682
416 398
416 45
416 532
416 505
416 5
416 406
416 227
416 374
416 427
417 406
417 361
417 20
417 44
417 630
417 310
417 269
417 758
417 15
417 398
417 764
417 76
417 412
417 741
418 456
418 663
418 425
418 320
418 355
418 356
418 384
418 328
418 275
418 266
418 40
418 408
418 383
418 347
419 2
419 788
419 136
419 422
419 416
419 764
419 398
419 412
419 505
419 401
419 374
419 427
419 406
419 201
420 222
420 201
420 213
420 655
420 146
420 173
420 375
420 412
420 581
420 422
420 427
420 419
420 398
420 22
421 290
421 682
421 398
421 794
421 209
421 193
421 788
421 310
421 720
421 811
421 284
421 277
421 444
421 269
422 22
422 127
422 269
422 310
422 444
422 682
422 135
422 412
422 426
422 414
422 406
422 427
422 398
422 201
423 266
423 141
423 412
423 296
423 199
423 425
423 220
423 422
423 551
423 385
423 387
423 399
423 400
423 408
424 426
424 125
424 406
424 22
424 361
424 425
424 400
424 741
424 112
424 427
424 201
424 398
424 422
424 412
425 406
425 112
425 374
425 419
425 400
425 741
425 201
425 808
425 427
425 426
425 398
425 22
425 399
425 422
426 682
426 213
426 193
426 406
426 135
426 374
426 671
426 444
426 212
426 267
426 298
426 127
426 310
426 398
427 764
427 740
427 125
427 374
427 717
427 773
427 44
427 619
427 682
427 310
427 316
427 406
427 127
427 398
428 625
428 451
428 258
428 291
428 444
428 760
428 117
428 286
428 764
428 626
428 458
428 793
428 445
428 130
429 427
429 125
429 425
429 117
429 458
429 426
429 808
429 227
429 403
429 22
429 624
429 436
429 422
429 764
430 448
430 429
430 296
430 458
430 175
430 434
430 423
430 203
430 436
430 211
430 356
430 228
430 384
430 581
431 485
431 788
431 758
431 218
431 379
431 45
431 269
431 340
431 461
431 739
431 398
431 582
431 466
431 30
432 257
432 399
432 435
432 272
432 227
432 453
432 450
432 112
432 395
432 296
432 436
432 764
432 458
432 429
433 291
433 277
433 374
433 229
433 682
433 5
433 740
433 310
433 788
433 117
433 179
433 444
433 135
433 227
434 581
434 422
434 739
434 294
434 309
434 458
434 384
434 285
434 304
434 313
434 764
434 412
434 398
434 454
435 488
435 269
435 227
435 505
435 788
435 284
435 310
435 277
435 212
435 444
435 193
435 44
435 298
435 398
436 426
436 267
436 760
436 433
436 459
436 227
436 445
436 764
436 291
436 117
436 422
436 429
436 454
436 458
437 428
437 459
437 130
437 426
437 760
437 286
437 452
437 671
437 764
437 458
437 145
437 258
437 272
437 451
438 422
438 385
438 400
438 199
438 551
438 201
438 222
438 141
438 425
438 764
438 146
438 412
438 211
438 419
439 227
439 149
439 458
439 758
439 717
439 257
439 199
439 412
439 368
439 417
439 296
439 304
439 222
439 764
440 432
440 60
440 805
440 262
440 258
440 363
440 264
440 741
440 296
440 764
440 569
440 458
440 220
440 199
441 287
441 226
441 251
441 581
441 177
441 164
441 458
441 454
441 445
441 436
441 434
441 429
441 296
441 674
442 428
442 432
442 234
442 187
442 258
442 429
442 746
442 395
442 439
442 764
442 459
442 436
442 437
442 458
443 309
443 117
443 272
443 183
443 269
443 445
443 286
443 258
443 227
443 625
443 458
443 760
443 435
443 451
444 212
444 398
444 488
444 298
444 310
444 682
444 135
444 788
444 625
444 316
444 277
444 812
444 193
444 127
445 760
445 788
445 278
445 812
445 130
445 205
445 740
445 117
445 193
445 135
445 625
445 56
445 310
445 444
446 581
446 452
446 337
446 428
446 228
446 460
446 180
446 432
446 296
446 211
446 434
446 429
446 458
446 436
447 444
447 291
447 310
447 285
447 183
447 227
447 205
447 117
447 172
447 212
447 812
447 194
447 286
447 193
448 77
448 229
448 272
448 24
448 117
448 432
448 395
448 624
448 227
448 458
448 445
448 436
448 765
448 415
449 227
449 229
449 212
449 298
449 470
449 433
449 445
449 671
449 291
449 267
449 426
449 286
449 193
449 258
450 269
450 358
450 218
450 760
450 671
450 625
450 310
450 444
450 193
450 398
450 741
450 427
450 117
450 764
451 285
451 812
451 682
451 488
451 130
451 310
451 284
451 117
451 433
451 278
451 269
451 444
451 227
451 764
452 298
452 267
452 740
452 582
452 426
452 135
452 127
452 671
452 310
452 291
452 258
452 444
452 398
452 433
453 379
453 764
453 272
453 436
453 809
453 227
453 415
453 746
453 450
453 458
453 403
453 432
453 296
453 445
454 740
454 671
454 267
454 433
454 750
454 309
454 458
454 284
454 764
454 412
454 148
454 310
454 285
454 398
455 363
455 156
455 460
455 69
455 448
455 436
455 446
455 458
455 456
455 434
455 432
455 203
455 384
455 429
456 454
456 132
456 69
456 268
456 262
456 68
456 363
456 356
456 384
456 296
456 429
456 436
456 266
456 687
457 448
457 219
457 203
457 459
457 616
457 234
457 429
457 456
457 434
457 432
457 443
457 439
457 436
457 458
458 433
458 193
458 172
458 117
458 227
458 286
458 746
458 764
458 445
458 291
458 765
458 812
458 444
458 310
459 760
459 285
459 258
459 435
459 272
459 422
459 445
459 183
459 291
459 218
459 193
459 436
459 227
459 310
460 72
460 435
460 285
460 433
460 267
460 379
460 193
460 398
460 291
460 671
460 227
460 213
460 212
460 262
461 682
461 269
461 277
461 298
461 271
461 9
461 51
461 310
461 505
461 58
461 398
461 44
461 127
461 45
462 48
462 12
462 2
462 101
462 41
462 494
462 225
462 427
462 15
462 417
462 5
462 199
462 412
462 266
463 588
463 211
463 587
463 391
463 585
463 220
463 601
463 438
463 540
463 236
463 419
463 422
463 537
463 199
464 682
464 354
464 578
464 399
464 304
464 412
464 581
464 427
464 285
464 199
464 231
464 764
464 258
464 284
465 44
465 285
465 258
465 398
465 269
465 193
465 470
465 277
465 488
465 578
465 284
465 290
465 212
465 298
466 135
466 488
466 101
466 278
466 740
466 58
466 291
466 809
466 227
466 505
466 5
466 788
466 682
466 45
467 358
467 639
467 269
467 38
467 470
467 56
467 209
467 788
467 290
467 741
467 284
467 379
467 720
467 578
468 227
468 671
468 788
468 639
468 379
468 218
468 135
468 763
468 56
468 811
468 58
468 681
468 310
468 193
469 758
469 267
469 298
469 20
469 9
469 578
469 573
469 173
469 597
469 201
469 741
469 426
469 557
469 412
470 379
470 58
470 269
470 310
470 277
470 290
470 788
470 298
470 284
470 740
470 741
470 398
470 744
470 135
471 720
471 470
471 193
471 488
471 212
471 398
471 682
471 310
471 788
471 290
471 284
471 412
471 277
471 269
472 211
472 60
472 581
472 354
472 741
472 296
472 512
472 161
472 304
472 258
472 616
472 513
472 156
472 537
473 92
473 323
473 637
473 361
473 101
473 368
473 597
473 374
473 201
473 227
473 398
473 412
473 5
473 419
474 534
474 741
474 165
474 20
474 100
474 262
474 309
474 15
474 412
474 132
474 304
474 398
474 368
474 764
475 304
475 602
475 167
475 551
475 537
475 164
475 639
475 196
475 258
475 412
475 236
475 137
475 764
475 199
476 637
476 271
476 374
476 406
476 368
476 269
476 45
476 758
476 717
476 412
476 619
476 427
476 682
476 101
477 234
477 165
477 308
477 226
477 741
477 220
477 222
477 274
477 412
477 408
477 597
477 603
477 199
477 339
478 557
478 209
478 578
478 112
478 213
478 218
478 638
478 267
478 227
478 173
478 532
478 505
478 193
478 398
479 376
479 494
479 743
479 313
479 324
479 266
479 417
479 741
479 414
479 412
479 365
479 274
479 268
479 262
480 218
480 764
480 758
480 398
480 406
480 682
480 143
480 222
480 791
480 58
480 788
480 310
480 741
480 740
481 222
481 743
481 494
481 333
481 339
481 304
481 46
481 68
481 284
481 268
481 637
481 412
481 266
481 368
482 409
482 22
482 405
482 496
482 414
482 419
482 412
482 764
482 199
482 258
482 220
482 741
482 2
482 339
483 387
483 496
483 710
483 422
483 466
483 363
483 323
483 356
483 262
483 540
483 199
483 274
483 304
483 587
484 127
484 269
484 193
484 212
484 532
484 521
484 271
484 578
484 398
484 207
484 791
484 310
484 740
484 44
485 791
485 209
485 173
485 45
485 284
485 143
485 788
485 578
485 505
485 201
485 532
485 412
485 398
485 741
486 379
486 382
486 274
486 5
486 412
486 308
486 227
486 45
486 521
486 62
486 368
486 339
486 410
486 323
487 637
487 209
487 681
487 173
487 580
487 638
487 63
487 45
487 416
487 412
487 101
487 308
487 368
487 284
488 788
488 193
488 56
488 298
488 578
488 207
488 5
488 269
488 9
488 310
488 277
488 212
488 135
488 682
489 167
489 581
489 798
489 796
489 262
489 434
489 429
489 363
489 199
489 385
489 384
489 797
489 220
489 399
490 587
490 203
490 408
490 220
490 356
490 363
490 412
490 199
490 178
490 304
490 581
490 796
490 589
490 588
491 458
491 257
491 434
491 53
491 296
491 409
491 201
491 323
491 404
491 764
491 199
491 384
491 363
491 412
492 619
492 410
492 117
492 201
492 339
492 101
492 416
492 637
492 809
492 382
492 361
492 227
492 374
492 682
493 173
493 304
493 796
493 323
493 412
493 581
493 416
493 759
493 580
493 532
493 739
493 282
493 148
493 132
494 619
494 764
494 15
494 278
494 268
494 374
494 717
494 368
494 310
494 269
494 5
494 101
494 412
494 294
495 582
495 398
495 394
495 323
495 594
495 291
495 5
495 227
495 600
495 521
495 267
495 557
495 597
495 765
496 151
496 323
496 412
496 758
496 398
496 269
496 368
496 101
496 199
496 741
496 427
496 222
496 225
496 143
497 513
497 422
497 175
497 589
497 211
497 616
497 167
497 687
497 363
497 581
497 356
497 587
497 496
497 537
498 305
498 549
498 587
498 589
498 167
498 175
498 588
498 423
498 515
498 615
498 408
498 239
498 211
498 141
499 154
499 720
499 582
499 597
499 38
499 220
499 632
499 639
499 467
499 741
499 764
499 267
499 386
499 379
500 258
500 9
500 573
500 290
500 671
500 765
500 557
500 310
500 398
500 794
500 811
500 521
500 788
500 426
501 764
501 339
501 412
501 272
501 427
501 401
501 122
501 61
501 225
501 268
501 101
501 15
501 2
501 262
502 304
502 597
502 368
502 33
502 366
502 282
502 327
502 262
502 323
502 521
502 353
502 308
502 412
502 711
503 379
503 368
503 485
503 236
503 209
503 112
503 374
503 38
503 20
503 484
503 532
503 304
503 412
503 416
504 193
504 427
504 291
504 422
504 674
504 358
504 258
504 227
504 222
504 764
504 199
504 354
504 581
504 375
505 298
505 213
505 398
505 788
505 316
505 310
505 5
505 277
505 44
505 682
505 135
505 127
505 488
505 45
506 409
506 398
506 394
506 291
506 412
506 284
506 433
506 117
506 382
506 267
506 269
506 5
506 310
506 227
507 171
507 739
507 268
507 294
507 148
507 267
507 353
507 485
507 410
507 323
507 597
507 173
507 412
507 132
508 127
508 213
508 291
508 310
508 316
508 227
508 44
508 56
508 398
508 682
508 505
508 5
508 740
508 406
509 5
509 309
509 216
509 799
509 765
509 179
509 229
509 258
509 291
509 286
509 227
509 812
509 746
509 458
510 58
510 209
510 340
510 173
510 720
510 9
510 205
510 682
510 148
510 277
510 292
510 45
510 760
510 269
511 582
511 758
511 207
511 277
511 573
511 284
511 740
511 9
511 143
511 269
511 271
511 461
511 45
511 379
512 112
512 53
512 51
512 296
512 467
512 375
512 209
512 739
512 358
512 412
512 461
512 741
512 764
512 485
513 22
513 534
513 505
513 741
513 578
513 151
513 143
513 269
513 154
513 284
513 258
513 764
513 427
513 15
514 740
514 227
514 291
514 286
514 581
514 285
514 296
514 763
514 18
514 304
514 379
514 390
514 741
514 193
515 621
515 2
515 101
515 329
515 424
515 580
515 517
515 145
515 412
515 764
515 199
515 304
515 690
515 494
516 201
516 419
516 222
516 101
516 266
516 412
516 466
516 741
516 199
516 63
516 262
516 637
516 597
516 764
517 401
517 101
517 406
517 48
517 805
517 427
517 201
517 422
517 764
517 414
517 412
517 22
517 2
517 199
518 269
518 201
518 250
518 209
518 485
518 741
518 582
518 9
518 151
518 154
518 578
518 249
518 4
518 231
519 809
519 619
519 201
519 758
519 5
519 682
519 227
519 398
519 637
519 580
519 368
519 101
519 427
519 361
520 424
520 416
520 615
520 462
520 805
520 412
520 258
520 141
520 414
520 385
520 517
520 304
520 244
520 602
521 791
521 127
521 488
521 58
521 398
521 740
521 5
521 277
521 227
521 573
521 636
521 44
521 682
521 310
522 379
522 209
522 485
522 401
522 398
522 741
522 60
522 304
522 20
522 267
522 739
522 764
522 412
522 348
523 165
523 580
523 398
523 236
523 267
523 323
523 55
523 29
523 201
523 582
523 404
523 173
523 410
523 412
524 298
524 812
524 310
524 788
524 173
524 433
524 681
524 578
524 271
524 201
524 58
524 791
524 193
524 269
525 739
525 405
525 258
525 20
525 268
525 422
525 384
525 417
525 220
525 465
525 597
525 741
525 262
525 412
526 581
526 294
526 211
526 412
526 616
526 496
526 363
526 262
526 304
526 220
526 739
526 741
526 199
526 411
527 740
527 639
527 485
527 376
527 262
527 741
527 412
527 143
527 201
527 758
527 220
527 597
527 764
527 398
528 2
528 427
528 101
528 374
528 117
528 227
528 505
528 582
528 602
528 5
528 173
528 201
528 542
528 199
529 323
529 587
529 375
529 26
529 294
529 368
529 201
529 262
529 327
529 363
529 485
529 412
529 156
529 502
530 582
530 644
530 310
530 578
530 210
530 277
530 269
530 45
530 284
530 212
530 9
530 788
530 155
530 488
531 46
531 70
531 284
531 269
531 412
531 267
531 101
531 258
531 201
531 422
531 717
531 551
531 2
531 764
532 758
532 788
532 316
532 58
532 416
532 44
532 682
532 740
532 744
532 374
532 310
532 398
532 505
532 791
533 809
533 765
533 582
533 285
533 366
533 746
533 213
533 5
533 227
533 415
533 379
533 382
533 740
533 370
534 173
534 44
534 717
534 310
534 9
534 398
534 758
534 45
534 213
534 212
534 20
534 578
534 505
534 316
535 788
535 427
535 220
535 470
535 379
535 290
535 267
535 485
535 201
535 412
535 741
535 193
535 597
535 398
536 269
536 416
536 422
536 760
536 764
536 101
536 15
536 427
536 22
536 505
536 412
536 717
536 406
536 682
537 584
537 92
537 414
537 485
537 581
537 476
537 741
537 427
537 764
537 201
537 22
537 639
537 412
537 199
538 815
538 586
538 585
538 156
538 588
538 141
538 617
538 615
538 564
538 517
538 408
538 589
538 2
538 540
539 415
539 636
539 379
539 339
539 5
539 398
539 701
539 227
539 368
539 370
539 366
539 369
539 367
539 521
540 589
540 728
540 537
540 387
540 391
540 598
540 400
540 412
540 581
540 710
540 587
540 211
540 458
540 199
541 41
541 370
541 422
541 262
541 199
541 403
541 384
541 634
541 272
541 798
541 14
541 201
541 2
541 60
542 582
542 45
542 277
542 720
542 284
542 374
542 310
542 682
542 619
542 173
542 269
542 101
542 227
542 398
543 231
543 222
543 296
543 581
543 551
543 122
543 199
543 764
543 220
543 412
543 375
543 597
543 655
543 741
544 143
544 470
544 60
544 398
544 220
544 363
544 597
544 255
544 304
544 262
544 739
544 412
544 280
544 741
545 211
545 313
545 551
545 413
545 581
545 597
545 412
545 103
545 723
545 687
545 255
545 589
545 384
545 266
546 236
546 398
546 15
546 262
546 412
546 151
546 470
546 741
546 255
546 143
546 313
546 597
546 304
546 165
547 191
547 408
547 405
547 535
547 220
547 423
547 199
547 585
547 211
547 400
547 589
547 320
547 384
547 419
548 146
548 496
548 323
548 400
548 380
548 414
548 199
548 385
548 585
548 220
548 615
548 141
548 422
548 551
549 70
549 815
549 201
549 406
549 412
549 419
549 101
549 427
549 535
549 57
549 41
549 551
549 2
549 764
550 764
550 201
550 592
550 199
550 427
550 517
550 422
550 22
550 402
550 141
550 145
550 239
550 2
550 419
551 58
551 101
551 310
551 419
551 267
551 414
551 412
551 406
551 741
551 764
551 427
551 201
551 422
551 398
552 382
552 227
552 262
552 377
552 339
552 757
552 415
552 0
552 370
552 225
552 367
552 5
552 366
552 268
553 199
553 365
553 2
553 362
553 517
553 134
553 325
553 585
553 397
553 201
553 268
553 412
553 57
553 141
554 488
554 187
554 38
554 416
554 236
554 557
554 638
554 485
554 597
554 410
554 412
554 173
554 578
554 636
555 199
555 404
555 262
555 395
555 400
555 60
555 384
555 741
555 145
555 581
555 363
555 399
555 751
555 220
556 255
556 274
556 378
556 262
556 401
556 393
556 764
556 751
556 363
556 199
556 220
556 685
556 687
556 383
557 794
557 394
557 398
557 682
557 740
557 267
557 45
557 310
557 135
557 218
557 505
557 5
557 521
557 788
558 227
558 400
558 5
558 603
558 594
558 636
558 199
558 422
558 405
558 412
558 410
558 557
558 201
558 323
559 60
559 199
559 323
559 313
559 282
559 274
559 384
559 412
559 268
559 346
559 262
559 206
559 348
559 413
560 615
560 502
560 404
560 201
560 329
560 343
560 592
560 552
560 594
560 68
560 266
560 412
560 589
560 199
561 309
561 143
561 269
561 398
561 382
561 417
561 368
561 488
561 370
561 366
561 65
561 171
561 711
561 44
562 337
562 413
562 199
562 585
562 156
562 612
562 208
562 589
562 525
562 615
562 266
562 384
562 408
562 400
563 361
563 717
563 127
563 791
563 209
563 310
563 682
563 135
563 788
563 740
563 427
563 5
563 406
563 398
564 382
564 5
564 362
564 14
564 35
564 569
564 37
564 809
564 41
564 61
564 396
564 225
564 2
564 272
565 269
565 394
565 300
565 316
565 788
565 406
565 619
565 427
565 740
565 5
565 444
565 488
565 505
565 791
566 515
566 384
566 244
566 329
566 145
566 409
566 587
566 41
566 356
566 589
566 362
566 517
566 2
566 199
567 101
567 5
567 45
567 92
567 505
567 398
567 406
567 379
567 427
567 316
567 58
567 682
567 416
567 93
568 372
568 265
568 37
568 415
568 394
568 651
568 600
568 809
568 256
568 227
568 812
568 382
568 765
568 794
569 24
569 5
569 364
569 272
569 809
569 367
569 35
569 765
569 256
569 225
569 369
569 769
569 227
569 339
570 398
570 809
570 427
570 532
570 578
570 406
570 505
570 374
570 213
570 602
570 508
570 201
570 227
570 416
571 323
571 396
571 582
571 0
571 366
571 339
571 368
571 267
571 265
571 370
571 701
571 377
571 227
571 382
572 757
572 37
572 809
572 415
572 404
572 225
572 367
572 769
572 31
572 403
572 792
572 564
572 185
572 569
573 791
573 45
573 193
573 213
573 9
573 298
573 578
573 277
573 44
573 269
573 505
573 488
573 212
573 788
574 382
574 31
574 369
574 410
574 274
574 395
574 757
574 701
574 5
574 404
574 405
574 379
574 367
574 227
575 309
575 398
575 484
575 412
575 304
575 674
575 743
575 578
575 741
575 465
575 212
575 258
575 597
575 262
576 347
576 332
576 344
576 167
576 275
576 266
576 363
576 252
576 383
576 762
576 234
576 211
576 677
576 161
577 581
577 657
577 386
577 304
577 485
577 375
577 597
577 427
577 412
577 632
577 411
577 739
577 741
577 379
578 269
578 298
578 505
578 284
578 310
578 193
578 207
578 127
578 788
578 212
578 791
578 9
578 488
578 277
579 502
579 397
579 165
579 266
579 13
579 679
579 474
579 580
579 652
579 268
579 308
579 368
579 412
579 132
580 416
580 714
580 291
580 717
580 412
580 5
580 45
580 803
580 173
580 227
580 33
580 368
580 682
580 101
581 398
581 310
581 22
581 741
581 258
581 399
581 291
581 764
581 286
581 285
581 412
581 269
581 427
581 422
582 398
582 135
582 298
582 9
582 44
582 682
582 271
582 505
582 578
582 127
582 488
582 277
582 269
582 310
583 58
583 597
583 741
583 269
583 127
583 285
583 277
583 398
583 76
583 374
583 143
583 758
583 148
583 310
584 117
584 422
584 22
584 427
584 741
584 760
584 374
584 809
584 201
584 505
584 406
584 542
584 135
584 764
585 294
585 48
585 412
585 101
585 414
585 419
585 422
585 134
585 385
585 384
585 551
585 201
585 2
585 815
586 615
586 257
586 266
586 564
586 199
586 474
586 408
586 268
586 41
586 588
586 589
586 141
586 2
586 549
587 384
587 422
587 201
587 220
587 399
587 211
587 589
587 363
587 581
587 551
587 356
587 412
587 199
587 323
588 764
588 220
588 422
588 266
588 739
588 589
588 419
588 597
588 22
588 741
588 141
588 485
588 412
588 201
589 41
589 262
589 145
589 196
589 141
589 323
589 588
589 587
589 156
589 412
589 199
589 201
589 268
589 171
590 210
590 284
590 194
590 644
590 788
590 207
590 794
590 147
590 444
590 488
590 193
590 812
590 578
590 212
591 313
591 412
591 325
591 383
591 203
591 220
591 262
591 266
591 268
591 41
591 501
591 12
591 275
591 362
592 406
592 101
592 412
592 637
592 398
592 63
592 368
592 201
592 764
592 427
592 70
592 361
592 717
592 422
593 394
593 746
593 765
593 367
593 227
593 37
593 382
593 23
593 373
593 256
593 651
593 270
593 372
593 415
594 265
594 382
594 298
594 740
594 267
594 765
594 5
594 227
594 394
594 521
594 291
594 173
594 557
594 398
595 44
595 284
595 795
595 578
595 72
595 193
595 291
595 521
595 20
595 398
595 165
595 212
595 379
595 209
596 175
596 220
596 581
596 255
596 211
596 383
596 363
596 687
596 196
596 537
596 167
596 598
596 304
596 161
597 427
597 470
597 374
597 582
597 488
597 15
597 310
597 267
597 741
597 398
597 521
597 58
597 412
597 127
598 269
598 222
598 309
598 304
598 267
598 22
598 412
598 580
598 323
598 92
598 117
598 201
598 196
598 764
599 33
599 415
599 43
599 5
599 229
599 521
599 394
599 740
599 765
599 227
599 370
599 291
599 600
599 256
600 310
600 135
600 682
600 382
600 765
600 227
600 5
600 127
600 809
600 256
600 406
600 265
600 740
600 625
601 412
601 132
601 267
601 374
601 199
601 227
601 368
601 398
601 401
601 404
601 427
601 597
601 5
601 764
602 135
602 406
602 578
602 374
602 310
602 212
602 269
602 298
602 803
602 505
602 277
602 744
602 398
602 682
603 53
603 599
603 227
603 394
603 61
603 521
603 765
603 377
603 367
603 270
603 701
603 410
603 557
603 382
604 101
604 143
604 578
604 291
604 758
604 427
604 368
604 532
604 310
604 294
604 412
604 361
604 374
604 398
605 190
605 615
605 266
605 363
605 268
605 434
605 496
605 313
605 343
605 412
605 308
605 589
605 332
605 739
606 682
606 406
606 368
606 101
606 740
606 262
606 636
606 382
606 394
606 375
606 199
606 521
606 557
606 227
607 366
607 637
607 201
607 101
607 621
607 619
607 65
607 63
607 48
607 227
607 267
607 427
607 2
607 398
608 167
608 156
608 161
608 297
608 363
608 741
608 313
608 268
608 262
608 255
608 525
608 513
608 304
608 546
609 750
609 262
609 269
609 310
609 209
609 258
609 298
609 194
609 285
609 284
609 791
609 488
609 212
609 398
610 406
610 809
610 412
610 505
610 269
610 740
610 791
610 361
610 398
610 5
610 764
610 272
610 427
610 741
611 485
611 143
611 639
611 288
611 535
611 557
611 398
611 290
611 467
611 470
611 220
611 741
611 751
611 740
612 368
612 101
612 412
612 592
612 332
612 598
612 322
612 308
612 679
612 304
612 266
612 343
612 274
612 337
613 163
613 740
613 76
613 227
613 291
613 143
613 269
613 212
613 44
613 398
613 209
613 309
613 171
613 484
614 127
614 323
614 636
614 412
614 368
614 594
614 173
614 398
614 557
614 410
614 267
614 53
614 5
614 521
615 368
615 145
615 2
615 304
615 343
615 266
615 550
615 422
615 588
615 589
615 592
615 141
615 723
615 412
616 427
616 412
616 294
616 291
616 717
616 56
616 201
616 758
616 257
616 763
616 764
616 269
616 760
616 258
617 805
617 764
617 199
617 494
617 580
617 101
617 368
617 48
617 412
617 274
617 262
617 268
617 2
617 365
618 44
618 366
618 269
618 638
618 521
618 619
618 65
618 51
618 398
618 597
618 368
618 310
618 750
618 488
619 44
619 740
619 5
619 809
619 406
619 310
619 45
619 427
619 135
619 374
619 277
619 269
619 398
619 682
620 308
620 29
620 199
620 367
620 53
620 377
620 404
620 486
620 31
620 368
620 408
620 410
620 274
620 282
621 5
621 717
621 764
621 310
621 117
621 374
621 227
621 101
621 48
621 406
621 619
621 125
621 427
621 682
622 795
622 143
622 72
622 258
622 130
622 758
622 310
622 764
622 205
622 741
622 284
622 358
622 291
622 398
623 145
623 412
623 22
623 401
623 199
623 112
623 385
623 406
623 414
623 201
623 427
623 764
623 805
623 422
624 406
624 403
624 291
624 125
624 310
624 267
624 5
624 426
624 625
624 272
624 227
624 117
624 127
624 135
625 740
625 298
625 300
625 256
625 193
625 135
625 277
625 316
625 444
625 127
625 812
625 310
625 291
625 130
626 444
626 764
626 127
626 135
626 227
626 278
626 682
626 291
626 740
626 117
626 794
626 406
626 130
626 625
627 323
627 272
627 403
627 262
627 412
627 671
627 426
627 685
627 398
627 258
627 212
627 741
627 284
627 764
628 409
628 424
628 422
628 333
628 400
628 161
628 496
628 396
628 337
628 199
628 387
628 145
628 405
628 403
629 704
629 13
629 627
629 429
629 798
629 54
629 346
629 694
629 296
629 412
629 741
629 764
629 258
629 363
630 290
630 578
630 269
630 277
630 741
630 284
630 398
630 619
630 127
630 444
630 310
630 374
630 44
630 285
631 741
631 4
631 682
631 291
631 382
631 403
631 427
631 379
631 764
631 398
631 521
631 5
631 578
631 227
632 401
632 639
632 809
632 199
632 467
632 60
632 274
632 427
632 53
632 412
632 220
632 741
632 597
632 379
633 379
633 573
633 750
633 637
633 173
633 521
633 580
633 33
633 132
633 323
633 412
633 5
633 368
633 410
634 701
634 265
634 35
634 5
634 382
634 367
634 370
634 270
634 227
634 396
634 61
634 415
634 33
634 37
635 199
635 272
635 610
635 220
635 222
635 414
635 412
635 551
635 405
635 262
635 258
635 145
635 764
635 304
636 285
636 573
636 127
636 269
636 740
636 794
636 398
636 521
636 788
636 5
636 488
636 682
636 227
636 310
637 227
637 284
637 92
637 310
637 58
637 45
637 374
637 267
637 269
637 619
637 101
637 717
637 682
637 398
638 316
638 374
638 682
638 398
638 277
638 9
638 505
638 45
638 740
638 578
638 193
638 310
638 298
638 488
639 521
639 4
639 788
639 290
639 193
639 213
639 201
639 740
639 741
639 269
639 764
639 398
639 310
639 284
640 173
640 76
640 750
640 20
640 368
640 15
640 470
640 412
640 310
640 597
640 741
640 630
640 262
640 398
641 24
641 370
641 815
641 220
641 395
641 61
641 569
641 808
641 262
641 272
641 811
641 797
641 369
641 403
642 117
642 382
642 227
642 394
642 600
642 339
642 370
642 619
642 809
642 5
642 769
642 256
642 265
642 488
643 764
643 290
643 58
643 427
643 298
643 619
643 682
643 193
643 15
643 750
643 278
643 398
643 269
643 310
644 488
644 682
644 269
644 791
644 212
644 298
644 193
644 277
644 578
644 9
644 271
644 207
644 310
644 127
645 717
645 711
645 340
645 277
645 54
645 763
645 51
645 646
645 760
645 758
645 269
645 271
645 45
645 9
646 30
646 207
646 318
646 740
646 720
646 44
646 269
646 51
646 682
646 758
646 45
646 277
646 310
646 271
647 205
647 285
647 682
647 644
647 269
647 340
647 160
647 763
647 183
647 488
647 277
647 291
647 318
647 271
648 135
648 193
648 44
648 740
648 671
648 470
648 521
648 298
648 127
648 582
648 398
648 426
648 310
648 58
649 760
649 101
649 681
649 199
649 22
649 713
649 758
649 269
649 581
649 296
649 284
649 258
649 764
649 682
650 368
650 285
650 799
650 367
650 757
650 339
650 711
650 809
650 370
650 765
650 415
650 227
650 382
650 37
651 310
651 415
651 44
651 379
651 394
651 291
651 265
651 794
651 740
651 373
651 382
651 227
651 765
651 256
652 51
652 361
652 76
652 717
652 715
652 165
652 173
652 294
652 368
652 268
652 412
652 62
652 739
652 758
653 390
653 298
653 209
653 811
653 671
653 765
653 291
653 379
653 117
653 398
653 218
653 56
653 470
653 227
654 262
654 685
654 550
654 220
654 356
654 345
654 723
654 239
654 266
654 328
654 474
654 325
654 268
654 141
655 250
655 427
655 406
655 22
655 741
655 416
655 791
655 213
655 412
655 578
655 764
655 414
655 201
655 398
656 374
656 201
656 269
656 262
656 285
656 310
656 682
656 375
656 209
656 284
656 764
656 212
656 398
656 412
657 379
657 269
657 290
657 470
657 406
657 56
657 218
657 58
657 310
657 788
657 267
657 521
657 398
657 682
658 429
658 325
658 805
658 400
658 422
658 550
658 423
658 616
658 623
658 409
658 592
658 320
658 239
658 517
659 410
659 353
659 368
659 343
659 268
659 714
659 132
659 199
659 308
659 580
659 579
659 408
659 412
659 323
660 404
660 370
660 521
660 227
660 323
660 650
660 427
660 367
660 368
660 5
660 285
660 382
660 43
660 758
661 375
661 255
661 398
661 368
661 101
661 269
661 353
661 51
661 284
661 427
661 758
661 201
661 171
661 741
662 269
662 267
662 644
662 318
662 426
662 711
662 398
662 582
662 671
662 127
662 298
662 310
662 470
662 283
663 367
663 262
663 268
663 366
663 133
663 382
663 101
663 368
663 323
663 370
663 701
663 365
663 294
663 412
664 54
664 412
664 290
664 269
664 578
664 212
664 284
664 484
664 671
664 285
664 286
664 812
664 209
664 741
665 171
665 68
665 262
665 274
665 199
665 339
665 692
665 304
665 743
665 741
665 268
665 462
665 417
665 258
666 414
666 125
666 416
666 368
666 690
666 294
666 580
666 291
666 764
666 101
666 621
666 112
666 304
666 427
667 236
667 258
667 506
667 714
667 22
667 683
667 286
667 226
667 187
667 581
667 674
667 164
667 681
667 309
668 30
668 645
668 646
668 308
668 366
668 45
668 647
668 340
668 650
668 269
668 368
668 763
668 711
668 716
669 296
669 587
669 175
669 254
669 391
669 206
669 408
669 328
669 211
669 434
669 560
669 728
669 679
669 347
670 379
670 739
670 258
670 259
670 741
670 395
670 327
670 335
670 733
670 296
670 539
670 683
670 403
670 764
671 740
671 578
671 193
671 765
671 269
671 127
671 682
671 290
671 135
671 298
671 291
671 398
671 310
671 277
672 117
672 264
672 805
672 22
672 425
672 167
672 404
672 371
672 395
672 769
672 199
672 403
672 385
672 655
673 216
673 410
673 386
673 112
673 378
673 199
673 308
673 266
673 384
673 412
673 759
673 401
673 274
673 423
674 310
674 44
674 163
674 644
674 291
674 398
674 286
674 171
674 258
674 298
674 212
674 758
674 309
674 193
675 220
675 167
675 262
675 296
675 203
675 363
675 383
675 255
675 385
675 387
675 211
675 739
675 434
675 722
676 255
676 54
676 165
676 348
676 799
676 739
676 209
676 346
676 258
676 412
676 764
676 741
676 296
676 304
677 332
677 363
677 275
677 198
677 663
677 203
677 344
677 356
677 576
677 494
677 161
677 612
677 347
677 304
678 274
678 268
678 404
678 580
678 225
678 365
678 62
678 412
678 427
678 361
678 101
678 758
678 368
678 308
679 171
679 365
679 294
679 304
679 717
679 101
679 580
679 268
679 323
679 368
679 353
679 132
679 412
679 308
680 267
680 285
680 310
680 741
680 213
680 720
680 398
680 582
680 758
680 764
680 269
680 193
680 58
680 717
681 45
681 227
681 398
681 56
681 578
681 135
681 290
681 764
681 682
681 284
681 488
681 310
681 788
681 269
682 398
682 406
682 619
682 269
682 740
682 127
682 277
682 316
682 310
682 135
682 44
682 45
682 488
682 56
683 277
683 358
683 5
683 269
683 398
683 366
683 711
683 272
683 209
683 578
683 267
683 258
683 720
683 682
684 36
684 405
684 216
684 537
684 268
684 404
684 580
684 496
684 412
684 225
684 191
684 68
684 156
684 408
685 427
685 294
685 386
685 125
685 267
685 741
685 38
685 201
685 310
685 597
685 398
685 379
685 412
685 262
686 369
686 179
686 225
686 769
686 367
686 339
686 651
686 405
686 757
686 227
686 370
686 415
686 382
686 701
687 393
687 353
687 723
687 199
687 467
687 262
687 412
687 401
687 266
687 356
687 296
687 220
687 764
687 363
688 337
688 296
688 427
688 304
688 199
688 101
688 239
688 655
688 764
688 400
688 416
688 412
688 666
688 422
689 762
689 634
689 410
689 377
689 574
689 415
689 357
689 405
689 603
689 326
689 23
689 757
689 216
689 367
690 740
690 803
690 125
690 412
690 764
690 781
690 682
690 398
690 368
690 15
690 758
690 717
690 427
690 101
691 682
691 101
691 112
691 711
691 257
691 412
691 15
691 403
691 272
691 70
691 296
691 304
691 117
691 326
692 637
692 764
692 339
692 250
692 791
692 406
692 310
692 619
692 284
692 412
692 427
692 398
692 682
692 269
693 399
693 384
693 258
693 22
693 414
693 2
693 366
693 324
693 294
693 255
693 323
693 422
693 656
693 201
694 412
694 213
694 298
694 44
694 285
694 398
694 9
694 269
694 597
694 505
694 173
694 758
694 741
694 310
695 356
695 396
695 551
695 813
695 211
695 797
695 385
695 796
695 320
695 199
695 587
695 423
695 408
695 220
696 651
696 403
696 685
696 764
696 227
696 416
696 398
696 382
696 379
696 740
696 367
696 370
696 4
696 741
697 353
697 726
697 403
697 739
697 701
697 329
697 335
697 270
697 368
697 268
697 384
697 377
697 323
697 262
698 687
698 266
698 220
698 413
698 423
698 685
698 268
698 655
698 199
698 345
698 722
698 156
698 384
698 167
699 268
699 685
699 551
699 379
699 521
699 220
699 569
699 323
699 206
699 199
699 412
699 405
699 539
699 335
700 201
700 227
700 20
700 268
700 422
700 285
700 22
700 262
700 258
700 426
700 701
700 212
700 365
700 726
701 212
701 398
701 62
701 339
701 277
701 270
701 291
701 310
701 44
701 227
701 5
701 382
701 265
701 370
702 308
702 726
702 494
702 68
702 739
702 294
702 365
702 262
702 268
702 132
702 384
702 412
702 57
702 679
703 337
703 612
703 322
703 68
703 346
703 347
703 365
703 332
703 304
703 308
703 313
703 268
703 262
703 679
704 318
704 127
704 644
704 398
704 740
704 671
704 582
704 298
704 285
704 9
704 310
704 277
704 269
704 720
705 220
705 262
705 368
705 239
705 805
705 764
705 296
705 325
705 208
705 679
705 723
705 199
705 266
705 268
706 102
706 344
706 380
706 757
706 185
706 689
706 574
706 686
706 678
706 332
706 697
706 326
706 496
706 211
707 384
707 739
707 208
707 525
707 324
707 685
707 255
707 266
707 702
707 627
707 262
707 425
707 325
707 59
708 294
708 723
708 711
708 416
708 379
708 112
708 296
708 304
708 38
708 53
708 412
708 348
708 353
708 759
709 269
709 271
709 764
709 183
709 296
709 283
709 51
709 646
709 340
709 716
709 318
709 763
709 758
709 720
710 549
710 584
710 199
710 540
710 296
710 764
710 422
710 581
710 517
710 257
710 588
710 2
710 391
710 356
711 671
711 327
711 758
711 382
711 15
711 291
711 763
711 51
711 44
711 310
711 740
711 277
711 269
711 682
712 308
712 758
712 72
712 309
712 315
712 269
712 285
712 286
712 674
712 741
712 163
712 143
712 720
712 412
713 168
713 720
713 258
713 298
713 148
713 488
713 54
713 277
713 760
713 271
713 310
713 269
713 644
713 284
714 809
714 406
714 803
714 212
714 45
714 427
714 101
714 44
714 374
714 682
714 5
714 227
714 505
714 382
715 398
715 361
715 207
715 44
715 374
715 271
715 269
715 277
715 76
715 760
715 717
715 310
715 45
715 758
716 30
716 711
716 758
716 318
716 763
716 461
716 646
716 173
716 340
716 269
716 720
716 45
716 277
716 271
717 51
717 5
717 368
717 44
717 760
717 505
717 758
717 269
717 427
717 277
717 398
717 682
717 45
717 310
718 758
718 369
718 199
718 269
718 13
718 268
718 15
718 354
718 310
718 720
718 285
718 741
718 711
718 764
719 615
719 266
719 723
719 211
719 254
719 328
719 352
719 356
719 687
719 550
719 408
719 695
719 708
719 423
720 740
720 193
720 213
720 788
720 310
720 45
720 763
720 277
720 271
720 269
720 207
720 127
720 135
720 682
721 550
721 175
721 79
721 702
721 679
721 615
721 352
721 239
721 423
721 723
721 585
721 328
721 266
721 320
722 671
722 46
722 255
722 681
722 262
722 412
722 363
722 764
722 345
722 739
722 296
722 434
722 258
722 741
723 269
723 201
723 296
723 63
723 758
723 427
723 262
723 294
723 304
723 15
723 101
723 690
723 764
723 412
724 287
724 796
724 683
724 685
724 795
724 404
724 663
724 259
724 409
724 627
724 68
724 412
724 323
724 384
725 54
725 285
725 791
725 758
725 76
725 398
725 671
725 740
725 277
725 44
725 143
725 269
725 741
725 218
726 682
726 310
726 127
726 212
726 265
726 382
726 5
726 426
726 44
726 267
726 291
726 374
726 398
726 227
727 324
727 354
727 581
727 333
727 325
727 22
727 412
727 422
727 304
727 764
727 627
727 313
727 262
727 346
728 199
728 262
728 57
728 485
728 739
728 741
728 764
728 353
728 132
728 247
728 398
728 412
728 53
728 379
729 362
729 272
729 403
729 268
729 339
729 15
729 367
729 405
729 569
729 262
729 769
729 369
729 370
729 415
730 262
730 226
730 268
730 399
730 376
730 733
730 385
730 384
730 739
730 405
730 412
730 255
730 363
730 741
731 258
731 369
731 15
731 508
731 272
731 427
731 209
731 290
731 398
731 741
731 744
731 112
731 406
731 291
732 308
732 769
732 285
732 809
732 222
732 405
732 395
732 427
732 412
732 225
732 264
732 764
732 382
732 741
733 193
733 269
733 467
733 788
733 310
733 284
733 739
733 741
733 358
733 255
733 764
733 398
733 209
733 412
734 284
734 444
734 290
734 741
734 414
734 419
734 737
734 310
734 422
734 201
734 48
734 406
734 764
734 58
735 222
735 587
735 796
735 395
735 423
735 551
735 815
735 287
735 581
735 220
735 199
735 400
735 167
735 797
736 765
736 394
736 415
736 35
736 339
736 61
736 809
736 227
736 746
736 367
736 370
736 382
736 740
736 5
737 227
737 741
737 290
737 625
737 291
737 278
737 406
737 764
737 300
737 135
737 310
737 316
737 740
737 444
738 687
738 348
738 255
738 383
738 363
738 346
738 643
738 741
738 739
738 733
738 296
738 683
738 262
738 266
739 310
739 304
739 76
739 294
739 597
739 101
739 45
739 368
739 375
739 398
739 741
739 412
739 758
739 262
740 744
740 398
740 193
740 44
740 278
740 127
740 290
740 298
740 788
740 791
740 291
740 682
740 277
740 310
741 290
741 300
741 193
741 4
741 298
741 791
741 143
741 269
741 758
741 398
741 764
741 127
741 740
741 310
742 209
742 13
742 638
742 229
742 285
742 222
742 741
742 809
742 740
742 758
742 227
742 339
742 262
742 764
743 758
743 310
743 268
743 427
743 412
743 764
743 15
743 398
743 285
743 294
743 368
743 739
743 262
743 741
744 44
744 5
744 788
744 682
744 193
744 278
744 298
744 406
744 290
744 291
744 398
744 277
744 740
744 310
745 419
745 112
745 740
745 374
745 741
745 284
745 412
745 744
745 398
745 764
745 201
745 199
745 249
745 258
746 265
746 310
746 382
746 812
746 179
746 394
746 5
746 809
746 740
746 227
746 256
746 765
746 37
746 18
747 377
747 753
747 396
747 222
747 370
747 403
747 368
747 227
747 711
747 262
747 799
747 270
747 382
747 0
748 363
748 687
748 417
748 220
748 262
748 266
748 304
748 412
748 741
748 551
748 419
748 141
748 15
748 589
749 225
749 264
749 751
749 262
749 153
749 764
749 313
749 145
749 422
749 255
749 220
749 741
749 217
749 581
750 135
750 374
750 763
750 740
750 298
750 682
750 269
750 488
750 212
750 277
750 193
750 227
750 398
750 310
751 398
751 794
751 310
751 56
751 427
751 682
751 578
751 412
751 788
751 406
751 764
751 740
751 741
751 290
752 272
752 651
752 415
752 403
752 377
752 809
752 765
752 265
752 370
752 227
752 382
752 291
752 256
752 270
753 382
753 18
753 339
753 765
753 746
753 227
753 35
753 809
753 370
753 379
753 37
753 5
753 415
753 0
754 485
754 393
754 581
754 239
754 425
754 383
754 401
754 199
754 423
754 255
754 419
754 211
754 385
754 363
755 290
755 285
755 744
755 316
755 212
755 127
755 291
755 788
755 193
755 791
755 298
755 398
755 310
755 740
756 663
756 815
756 776
756 666
756 580
756 412
756 408
756 390
756 368
756 365
756 274
756 225
756 101
756 0
757 256
757 650
757 227
757 701
757 270
757 339
757 765
757 367
757 370
757 382
757 37
757 394
757 415
757 0
758 127
758 740
758 298
758 30
758 277
758 45
758 51
758 398
758 310
758 717
758 44
758 763
758 682
758 269
759 426
759 294
759 375
759 416
759 597
759 368
759 112
759 398
759 267
759 379
759 374
759 740
759 741
759 348
760 278
760 135
760 758
760 127
760 763
760 277
760 45
760 682
760 310
760 44
760 56
760 291
760 269
760 717
761 460
761 266
761 674
761 40
761 356
761 308
761 235
761 336
761 216
761 219
761 352
761 198
761 762
761 202
762 225
762 767
762 746
762 701
762 367
762 415
762 539
762 736
762 650
762 23
762 357
762 757
762 634
762 370
763 298
763 740
763 56
763 193
763 44
763 271
763 269
763 720
763 30
763 310
763 760
763 277
763 682
763 758
764 406
764 15
764 760
764 740
764 398
764 427
764 269
764 758
764 310
764 682
764 763
764 741
764 284
764 291
765 740
765 127
765 298
765 286
765 291
765 625
765 193
765 5
765 394
765 310
765 229
765 812
765 227
765 256
766 485
766 426
766 385
766 551
766 387
766 375
766 395
766 220
766 422
766 805
766 751
766 733
766 741
766 808
767 651
767 227
767 382
767 367
767 229
767 794
767 636
767 394
767 256
767 765
767 415
767 5
767 370
767 746
768 212
768 285
768 755
768 248
768 765
768 205
768 194
768 444
768 671
768 811
768 812
768 426
768 193
768 286
769 117
769 415
769 339
769 394
769 809
769 256
769 765
769 5
769 370
769 37
769 227
769 382
769 521
769 794
770 386
770 222
770 764
770 739
770 655
770 201
770 406
770 416
770 272
770 401
770 741
770 398
770 427
770 751
771 741
771 22
771 201
771 15
771 259
771 398
771 384
771 793
771 262
771 597
771 412
771 220
771 369
771 385
772 387
772 266
772 252
772 275
772 276
772 180
772 400
772 175
772 167
772 220
772 798
772 263
772 274
772 371
773 212
773 505
773 277
773 227
773 682
773 5
773 44
773 316
773 310
773 398
773 127
773 427
773 406
773 193
774 723
774 728
774 588
774 383
774 287
774 743
774 53
774 687
774 356
774 661
774 167
774 759
774 708
774 408
775 315
775 741
775 285
775 296
775 405
775 383
775 404
775 226
775 399
775 308
775 46
775 783
775 220
775 407
776 213
776 410
776 412
776 101
776 339
776 25
776 201
776 404
776 227
776 370
776 5
776 368
776 323
776 361
777 5
777 644
777 578
777 207
777 794
777 227
777 284
777 590
777 809
777 681
777 764
777 812
777 765
777 290
778 193
778 5
778 286
778 303
778 794
778 269
778 765
778 809
778 578
778 227
778 812
778 285
778 310
778 791
779 324
779 610
779 778
779 262
779 362
779 717
779 225
779 764
779 269
779 412
779 368
779 417
779 741
779 323
780 333
780 31
780 63
780 285
780 339
780 743
780 741
780 405
780 370
780 398
780 795
780 366
780 262
780 225
781 488
781 505
781 316
781 300
781 30
781 45
781 740
781 758
781 682
781 277
781 44
781 398
781 127
781 310
782 603
782 333
782 743
782 274
782 53
782 262
782 62
782 539
782 701
782 268
782 270
782 368
782 767
782 367
783 201
783 310
783 375
783 791
783 358
783 532
783 379
783 38
783 788
783 682
783 741
783 740
783 427
783 398
784 272
784 414
784 262
784 323
784 296
784 38
784 610
784 324
784 739
784 741
784 268
784 412
784 427
784 369
785 250
785 339
785 366
785 781
785 165
785 4
785 44
785 758
785 398
785 521
785 368
785 361
785 65
785 62
786 783
786 741
786 687
786 262
786 764
786 690
786 743
786 393
786 422
786 412
786 723
786 427
786 220
786 199
787 209
787 427
787 310
787 791
787 764
787 741
787 212
787 788
787 201
787 227
787 285
787 398
787 4
787 412
788 207
788 269
788 45
788 740
788 505
788 444
788 135
788 56
788 193
788 398
788 310
788 277
788 794
788 791
789 227
789 272
789 61
789 600
789 35
789 415
789 23
789 367
789 809
789 24
789 794
789 37
789 746
789 382
790 764
790 4
790 590
790 284
790 422
790 788
790 220
790 201
790 22
790 414
790 805
790 741
790 791
790 793
791 682
791 44
791 310
791 794
791 193
791 271
791 269
791 740
791 207
791 578
791 398
791 127
791 788
791 277
792 382
792 225
792 35
792 403
792 61
792 370
792 396
792 339
792 809
792 227
792 404
792 367
792 569
792 805
793 505
793 444
793 117
793 811
793 374
793 625
793 227
793 193
793 809
793 135
793 794
793 812
793 788
793 212
794 406
794 505
794 227
794 127
794 682
794 135
794 310
794 277
794 809
794 740
794 812
794 791
794 488
794 788
795 521
795 291
795 127
795 765
795 315
795 44
795 740
795 227
795 267
795 310
795 285
795 382
795 398
795 379
796 22
796 427
796 412
796 379
796 406
796 267
796 201
796 805
796 416
796 375
796 505
796 741
796 112
796 426
797 369
797 199
797 769
797 809
797 788
797 187
797 805
797 808
797 794
797 810
797 811
797 395
797 206
797 227
798 793
798 597
798 569
798 201
798 385
798 412
798 403
798 808
798 398
798 427
798 741
798 764
798 399
798 262
799 265
799 370
799 578
799 394
799 193
799 788
799 5
799 488
799 227
799 44
799 277
799 812
799 310
799 794
800 419
800 220
800 802
800 804
800 805
800 385
800 808
800 416
800 798
800 201
800 400
800 425
800 399
800 136
801 373
801 757
801 370
801 382
801 270
801 795
801 799
801 746
801 367
801 366
801 37
801 227
801 415
801 372
802 310
802 788
802 258
802 791
802 625
802 794
802 804
802 809
802 590
802 811
802 812
802 316
802 426
802 741
803 227
803 791
803 135
803 310
803 788
803 316
803 277
803 809
803 682
803 382
803 740
803 794
803 406
803 505
804 809
804 433
804 291
804 426
804 135
804 272
804 130
804 808
804 505
804 811
804 802
804 794
804 788
804 793
805 401
805 339
805 788
805 5
805 291
805 201
805 793
805 414
805 809
805 406
805 117
805 227
805 764
805 803
806 199
806 227
806 407
806 220
806 804
806 810
806 808
806 117
806 201
806 425
806 517
806 805
806 419
806 793
807 199
807 371
807 378
807 178
807 798
807 764
807 180
807 145
807 258
807 805
807 296
807 363
807 220
807 422
808 809
808 374
808 201
808 227
808 426
808 425
808 422
808 794
808 793
808 811
808 193
808 741
808 788
808 398
809 812
809 310
809 619
809 265
809 788
809 227
809 5
809 382
809 277
809 740
809 135
809 682
809 794
809 803
810 505
810 794
810 394
810 812
810 809
810 788
810 256
810 426
810 229
810 811
810 117
810 227
810 793
810 291
811 212
811 398
811 310
811 488
811 227
811 277
811 135
811 740
811 193
811 56
811 794
811 788
811 791
811 291
812 212
812 488
812 765
812 277
812 265
812 193
812 740
812 286
812 298
812 625
812 310
812 794
812 444
812 788
813 309
813 304
813 199
813 408
813 458
813 236
813 685
813 412
813 296
813 410
813 323
813 405
813 226
813 346
814 517
814 559
814 378
814 385
814 400
814 623
814 342
814 698
814 220
814 175
814 392
814 413
814 423
814 199
815 682
815 788
815 63
815 136
815 416
815 412
815 101
815 201
815 532
815 764
815 427
815 419
815 374
815 398
