0 222
0 13
1 288
1 50
2 346
2 271
3 421
3 123
4 94
4 123
5 259
5 23
6 103
6 23
7 420
7 403
8 186
8 346
9 483
9 214
10 109
10 67
11 84
11 240
12 23
12 109
13 420
13 186
14 23
14 339
15 208
15 18
16 476
16 22
17 346
17 241
18 23
18 22
19 22
19 516
20 103
20 84
21 43
21 308
22 103
22 23
23 198
24 495
24 240
25 241
27 79
27 429
28 103
29 236
29 204
31 144
31 208
32 208
33 366
34 346
34 416
35 134
36 255
36 366
37 208
37 103
38 103
38 323
39 272
40 421
40 48
41 198
41 208
42 113
43 436
43 395
44 103
44 198
45 333
45 160
46 103
46 134
47 361
47 346
48 241
48 103
49 504
49 468
50 323
50 346
51 103
51 99
53 247
53 333
54 208
54 70
55 272
55 208
56 416
56 103
57 416
57 346
58 281
59 103
59 312
60 145
61 69
62 421
62 323
63 288
63 432
64 420
64 103
65 67
66 347
66 454
67 346
67 208
69 241
69 346
70 346
71 263
71 401
72 475
74 528
74 382
75 361
75 394
76 495
77 208
77 271
78 333
78 368
79 219
79 198
80 103
81 333
81 443
82 186
83 208
83 346
84 208
85 195
86 323
86 368
87 208
88 495
88 346
89 362
89 443
90 312
92 103
92 208
93 346
93 381
94 271
94 119
95 400
95 282
96 300
97 219
97 416
98 339
99 103
100 123
100 198
101 103
101 350
102 150
104 508
104 350
105 395
105 346
106 420
107 395
107 257
108 243
108 230
109 241
110 368
110 443
111 238
111 241
112 403
112 208
113 208
114 443
114 333
116 208
117 144
117 272
118 408
118 429
119 441
119 271
120 187
120 416
121 291
124 403
124 350
125 346
125 416
126 178
127 323
129 420
130 353
130 214
131 362
131 144
132 323
133 416
135 208
136 208
137 508
137 186
138 186
139 476
139 528
140 144
140 368
141 444
142 395
142 241
144 441
144 272
146 241
147 198
148 208
148 198
149 279
149 495
150 176
151 259
152 238
152 268
153 346
154 385
154 366
155 462
155 330
156 421
156 508
157 208
157 198
158 346
158 263
159 208
160 272
161 420
163 346
163 476
164 472
164 409
165 404
166 468
166 476
167 187
169 253
169 287
170 394
172 403
173 208
173 346
174 238
174 382
175 390
175 240
176 416
176 346
178 198
179 416
179 263
180 219
182 214
182 375
183 422
183 269
184 241
185 346
185 530
186 208
186 257
187 219
188 208
188 346
190 432
191 429
192 476
194 498
195 346
195 259
196 490
197 385
197 382
198 208
200 308
200 352
201 346
201 241
202 230
203 346
204 416
204 346
205 495
205 498
206 271
206 272
207 208
207 241
209 312
212 421
213 366
215 406
216 459
217 360
217 455
218 241
219 416
220 388
221 516
222 269
223 495
224 445
224 353
225 429
225 311
226 443
226 272
227 350
228 508
228 421
230 416
231 373
232 421
233 346
234 346
235 291
238 421
242 382
243 385
244 387
244 445
245 381
245 361
246 346
247 369
247 286
248 371
250 394
251 271
252 354
253 279
253 483
254 346
254 361
256 346
257 395
258 346
260 366
260 472
261 495
262 421
262 472
264 345
264 445
265 346
266 476
267 445
268 346
268 416
270 272
272 441
272 345
274 345
278 377
279 404
279 346
280 346
280 332
281 345
282 346
284 483
285 445
286 371
286 346
287 445
288 432
289 459
290 318
292 508
293 516
294 354
296 332
298 346
298 312
299 416
301 345
303 308
305 339
308 388
309 346
311 416
314 332
314 334
316 385
316 432
317 385
318 346
320 342
320 508
322 361
323 421
324 436
325 363
326 508
326 366
327 413
328 394
328 420
329 416
333 345
335 345
336 366
338 366
340 388
343 490
344 432
351 483
355 368
356 453
357 371
358 516
364 459
370 421
372 416
374 426
377 472
380 409
382 528
384 416
386 472
387 441
388 394
390 401
391 516
396 445
398 441
399 444
408 516
418 516
421 472
425 472
425 443
434 441
436 516
438 508
444 472
449 483
451 483
456 516
460 468
461 472
462 483
462 508
465 528
465 483
467 475
468 476
469 474
477 498
491 498
492 530
511 514
519 528
