0 15
0 222
0 13
1 279
1 288
1 50
2 206
2 271
2 346
3 323
3 421
3 123
4 270
4 94
4 123
5 103
5 259
5 23
6 22
6 23
6 103
7 394
7 420
7 403
8 395
8 186
8 346
9 472
9 483
9 214
10 19
10 109
10 67
11 208
11 84
11 240
12 208
12 109
12 23
13 334
13 420
13 186
14 272
14 339
14 23
15 22
15 208
15 18
16 103
16 476
16 22
17 490
17 346
17 241
18 208
18 23
18 22
19 272
19 22
19 516
20 186
20 103
20 84
21 105
21 43
21 308
22 198
22 103
22 23
23 208
23 198
24 427
24 495
24 240
25 103
25 241
27 79
27 429
28 103
29 269
29 204
29 236
30 208
31 472
31 144
31 208
32 186
32 208
33 208
33 366
34 198
34 346
34 416
35 198
35 134
36 103
36 255
36 366
37 123
37 208
37 103
38 323
38 103
39 332
39 272
40 323
40 48
40 421
41 94
41 198
41 208
42 312
42 113
43 395
43 436
44 291
44 198
44 103
45 78
45 160
45 333
46 240
46 134
46 103
47 176
47 346
47 361
48 421
48 241
48 103
49 495
49 468
49 504
50 516
50 323
50 346
51 331
51 103
51 99
52 103
53 445
53 247
53 333
54 416
54 208
54 70
55 272
55 208
56 323
56 416
56 103
57 416
57 346
58 368
58 281
59 241
59 103
59 312
60 528
60 145
61 95
61 69
62 292
62 421
62 323
63 279
63 288
63 432
64 495
64 420
64 103
65 67
66 328
66 454
66 347
67 198
67 346
67 208
68 208
69 346
69 241
70 346
71 312
71 263
71 401
72 184
72 475
73 103
74 528
74 382
75 346
75 361
75 394
76 195
76 495
77 208
77 271
78 528
78 333
78 368
79 416
79 219
79 198
80 259
80 103
81 345
81 333
81 443
82 181
82 186
83 490
83 346
83 208
84 208
85 263
85 195
86 421
86 323
86 368
87 103
87 208
88 394
88 495
88 346
89 362
89 443
90 312
91 393
92 476
92 103
92 208
93 394
93 346
93 381
94 271
94 119
95 400
95 282
96 238
96 300
97 346
97 416
97 219
98 198
98 339
99 420
99 103
100 123
100 198
101 103
101 350
102 381
102 150
103 198
104 339
104 508
104 350
105 420
105 395
105 346
106 420
107 395
107 257
108 340
108 243
108 230
109 208
109 241
110 333
110 368
110 443
111 269
111 238
111 241
112 241
112 403
112 208
113 208
114 345
114 443
114 333
116 208
117 144
117 272
118 145
118 408
118 429
119 313
119 441
119 271
120 187
120 416
121 490
121 291
122 208
124 508
124 403
124 350
125 241
125 416
125 346
126 208
126 178
127 323
128 343
129 476
129 420
130 253
130 353
130 214
131 443
131 144
131 362
132 189
132 323
133 346
133 416
134 241
135 208
136 198
136 208
137 394
137 508
137 186
138 483
138 186
139 187
139 476
139 528
140 528
140 144
140 368
141 259
141 444
142 346
142 241
142 395
143 495
144 345
144 441
144 272
145 208
146 334
146 241
147 198
148 208
148 198
149 346
149 279
149 495
150 504
150 176
151 490
151 259
152 222
152 268
152 238
153 346
154 476
154 385
154 366
155 393
155 462
155 330
156 472
156 421
156 508
157 198
157 208
158 346
158 263
159 346
159 208
160 345
160 272
161 457
161 420
162 476
163 208
163 346
163 476
164 312
164 472
164 409
165 198
165 404
166 354
166 468
166 476
167 530
167 187
169 321
169 253
169 287
170 219
170 394
172 403
173 291
173 208
173 346
174 429
174 238
174 382
175 240
175 390
176 368
176 416
176 346
177 291
178 208
178 198
179 268
179 416
179 263
180 394
180 219
181 198
182 214
182 375
183 422
183 269
184 241
185 381
185 346
185 530
186 208
186 257
187 208
187 219
188 208
188 346
189 208
190 432
191 208
191 429
192 476
193 516
194 291
194 498
195 416
195 346
195 259
196 241
196 490
197 361
197 382
197 385
198 208
199 508
200 327
200 308
200 352
201 346
201 241
202 269
202 230
203 208
203 346
204 241
204 416
204 346
205 240
205 495
205 498
206 251
206 271
206 272
207 208
207 241
209 483
209 312
210 263
212 371
212 421
213 366
215 429
215 406
216 459
217 360
217 455
218 241
219 416
220 422
220 388
221 516
222 346
222 269
223 420
223 495
224 445
224 353
225 312
225 311
225 429
226 443
226 272
227 350
228 421
228 508
230 416
231 373
232 421
233 346
234 346
235 472
235 291
238 421
240 241
242 443
242 382
243 421
243 385
244 387
244 445
245 381
245 361
246 346
247 281
247 369
247 286
248 432
248 371
250 444
250 394
251 272
251 271
252 354
253 279
253 483
254 346
254 361
255 272
256 346
257 395
258 346
260 429
260 366
260 472
261 495
262 421
262 472
264 272
264 345
264 445
265 483
265 346
266 528
266 476
267 276
267 445
268 346
268 416
269 416
270 271
270 272
272 441
272 345
274 345
276 345
278 377
279 432
279 404
279 346
280 490
280 332
280 346
281 345
282 313
282 346
283 360
284 291
284 483
285 409
285 445
286 371
286 346
287 445
288 457
288 432
289 476
289 459
290 401
290 318
292 508
293 354
293 516
294 451
294 354
296 516
296 332
298 369
298 346
298 312
299 429
299 416
300 490
301 333
301 345
302 371
303 308
304 379
305 339
307 339
308 394
308 388
309 346
311 416
314 332
314 334
316 366
316 385
316 432
317 416
317 385
318 404
318 346
320 342
320 508
322 382
322 361
323 421
324 366
324 436
325 363
326 366
326 508
327 404
327 413
328 527
328 394
328 420
329 416
333 443
333 345
334 476
335 345
336 366
338 366
340 388
343 346
343 490
344 366
344 432
346 416
347 475
349 508
350 508
351 483
352 492
354 416
355 368
356 453
357 371
358 516
360 490
362 441
364 459
370 508
370 421
372 416
373 421
374 392
374 426
377 472
379 472
380 409
382 528
384 416
385 421
386 459
386 472
387 441
388 394
389 457
390 401
391 516
394 416
396 445
398 441
399 444
402 407
408 516
410 457
418 516
421 472
425 443
425 472
434 441
436 516
437 516
438 508
444 472
449 483
451 483
453 457
456 516
460 489
460 468
461 472
462 528
462 483
462 508
465 528
465 483
467 475
468 476
469 474
474 485
477 498
489 495
491 498
492 530
511 514
519 528
528 529
