0 67
0 15
0 222
0 13
1 15
1 279
1 288
1 50
2 272
2 206
2 271
2 346
3 459
3 421
3 123
3 323
4 339
4 270
4 94
4 123
5 241
5 103
5 259
5 23
6 403
6 22
6 23
6 103
7 17
7 394
7 420
7 403
8 409
8 346
8 186
8 395
9 312
9 472
9 483
9 214
10 495
10 109
10 67
10 19
11 39
11 208
11 84
11 240
12 436
12 208
12 109
12 23
13 57
13 334
13 420
13 186
14 41
14 272
14 339
14 23
15 198
15 22
15 208
15 18
16 208
16 103
16 476
16 22
17 23
17 490
17 241
17 346
18 198
18 208
18 23
18 22
19 345
19 272
19 22
19 516
20 216
20 186
20 103
20 84
21 268
21 43
21 308
21 105
22 208
22 198
22 103
22 23
23 313
23 208
23 198
24 475
24 495
24 427
24 240
25 208
25 103
25 241
26 103
27 413
27 79
27 429
28 312
28 103
29 219
29 269
29 204
29 236
30 208
31 272
31 472
31 144
31 208
32 354
32 186
32 208
33 271
33 208
33 366
34 421
34 198
34 346
34 416
35 416
35 198
35 134
36 292
36 103
36 255
36 366
37 198
37 123
37 208
37 103
38 439
38 323
38 103
39 123
39 332
39 272
40 208
40 323
40 48
40 421
41 94
41 198
41 208
42 109
42 312
42 113
43 186
43 395
43 436
44 219
44 291
44 198
44 103
45 345
45 78
45 160
45 333
46 300
46 240
46 134
46 103
47 416
47 176
47 346
47 361
48 421
48 241
48 103
49 188
49 495
49 468
49 504
50 516
50 323
50 346
51 259
51 331
51 103
51 99
52 271
52 103
53 369
53 333
53 445
53 247
54 416
54 208
54 70
55 441
55 272
55 208
56 472
56 323
56 416
56 103
57 103
57 416
57 346
58 382
58 368
58 281
59 259
59 241
59 103
59 312
60 103
60 528
60 145
61 371
61 95
61 69
62 292
62 421
62 323
63 279
63 288
63 432
64 279
64 495
64 420
64 103
65 181
65 67
66 205
66 328
66 454
66 347
67 103
67 198
67 346
67 208
68 123
68 208
69 234
69 346
69 241
70 272
70 346
71 84
71 312
71 263
71 401
72 420
72 184
72 475
73 241
73 103
74 123
74 528
74 382
75 269
75 346
75 361
75 394
76 268
76 495
76 195
77 186
77 208
77 271
78 377
78 528
78 333
78 368
79 208
79 416
79 219
79 198
80 103
80 259
81 369
81 345
81 333
81 443
82 421
82 181
82 186
83 367
83 490
83 346
83 208
84 198
84 208
85 475
85 263
85 195
86 421
86 323
86 368
87 311
87 103
87 208
88 109
88 495
88 394
88 346
89 319
89 362
89 443
90 103
90 312
91 530
91 393
92 476
92 103
92 208
93 308
93 394
93 346
93 381
94 271
94 119
95 268
95 400
95 282
96 354
96 238
96 300
97 394
97 346
97 416
97 219
98 198
98 339
99 472
99 103
99 420
100 198
100 123
101 208
101 103
101 350
102 388
102 381
102 150
103 241
103 198
104 350
104 339
104 508
105 204
105 420
105 395
105 346
106 279
106 420
107 214
107 395
107 257
108 340
108 243
108 230
109 198
109 208
109 241
110 333
110 368
110 443
111 490
111 269
111 238
111 241
112 241
112 403
112 208
113 350
113 208
114 379
114 345
114 443
114 333
115 123
116 208
117 441
117 144
117 272
118 333
118 145
118 408
118 429
119 208
119 313
119 441
119 271
120 476
120 187
120 416
121 198
121 291
121 490
122 208
123 339
124 508
124 403
124 350
125 134
125 241
125 416
125 346
126 198
126 178
126 208
127 354
127 323
128 187
128 343
129 366
129 476
129 420
130 368
130 353
130 214
130 253
131 272
131 443
131 144
131 362
132 189
132 323
133 490
133 346
133 416
134 516
134 241
135 346
135 208
136 198
136 208
137 394
137 508
137 186
138 214
138 483
138 186
139 319
139 187
139 476
139 528
140 443
140 528
140 144
140 368
141 204
141 259
141 444
142 346
142 241
142 395
143 495
144 362
144 272
144 441
144 345
145 208
146 259
146 334
146 241
147 198
148 263
148 208
148 198
149 346
149 279
149 495
150 346
150 504
150 176
151 490
151 259
152 222
152 268
152 238
153 416
153 346
154 419
154 476
154 385
154 366
155 226
155 393
155 462
155 330
156 527
156 472
156 421
156 508
157 269
157 198
157 208
158 323
158 346
158 263
159 346
159 208
160 379
160 272
160 345
161 432
161 457
161 420
162 263
162 476
163 393
163 208
163 476
163 346
164 312
164 472
164 409
165 198
165 404
166 382
166 354
166 468
166 476
167 530
167 187
168 416
169 253
169 321
169 287
170 234
170 219
170 394
172 403
173 291
173 208
173 346
174 445
174 429
174 238
174 382
175 475
175 240
175 390
176 204
176 368
176 416
176 346
177 208
177 291
178 208
178 198
179 346
179 268
179 416
179 263
180 394
180 219
181 395
181 198
182 393
182 214
182 375
183 371
183 422
183 269
184 259
184 241
185 352
185 381
185 346
185 530
186 208
186 257
187 198
187 208
187 219
188 346
188 208
189 198
189 208
190 366
190 432
191 208
191 429
192 291
192 476
193 516
194 291
194 498
195 361
195 416
195 346
195 259
196 257
196 241
196 490
197 361
197 382
197 385
198 208
199 508
200 308
200 327
200 352
201 404
201 346
201 241
202 269
202 230
203 208
203 346
204 241
204 416
204 346
205 240
205 495
205 498
206 346
206 251
206 271
206 272
207 490
207 208
207 241
209 483
209 312
210 416
210 263
211 346
212 263
212 371
212 421
213 366
214 312
215 429
215 406
216 419
216 459
217 360
217 455
218 346
218 241
219 472
219 416
220 308
220 388
220 422
221 240
221 516
222 346
222 269
223 476
223 420
223 495
224 333
224 445
224 353
225 354
225 312
225 311
225 429
226 362
226 443
226 272
227 350
228 370
228 421
228 508
230 361
230 416
231 288
231 373
232 421
233 346
234 241
234 346
235 472
235 291
238 346
238 421
239 459
240 241
241 490
242 443
242 382
243 432
243 421
243 385
244 443
244 387
244 445
245 381
245 361
246 346
247 281
247 369
247 286
248 323
248 432
248 371
250 444
250 394
251 272
251 271
252 354
253 483
253 279
254 259
254 346
254 361
255 272
256 346
257 332
257 395
258 300
258 346
260 421
260 429
260 366
260 472
261 495
262 421
262 472
264 274
264 272
264 345
264 445
265 468
265 483
265 346
266 350
266 528
266 476
267 276
267 445
268 346
268 416
269 490
269 416
270 271
270 272
271 441
272 441
272 345
274 345
275 516
276 345
278 377
279 516
279 346
279 432
279 404
280 490
280 332
280 346
281 445
281 345
282 313
282 346
283 423
283 360
284 291
284 483
285 345
285 409
285 445
286 445
286 371
286 346
287 445
288 312
288 457
288 432
289 476
289 459
290 475
290 401
290 318
292 508
293 476
293 354
293 516
294 358
294 451
294 354
296 516
296 332
297 483
298 369
298 346
298 312
299 429
299 416
300 490
301 443
301 333
301 345
302 371
303 308
304 345
304 379
305 339
306 311
307 339
308 394
308 388
309 346
310 345
311 346
311 416
314 332
314 334
315 346
316 453
316 366
316 385
316 432
317 416
317 385
318 409
318 404
318 346
320 339
320 342
320 508
321 443
322 361
322 382
323 472
323 421
324 432
324 366
324 436
325 363
326 472
326 366
326 508
327 413
327 404
328 361
328 527
328 394
328 420
329 416
333 443
333 345
334 476
335 345
336 366
338 366
340 372
340 388
343 346
343 490
344 385
344 366
344 432
346 416
347 475
348 362
349 403
349 508
350 508
351 483
352 388
352 492
354 416
355 441
355 368
356 453
357 371
358 516
360 490
362 441
364 459
365 395
368 472
370 508
370 421
372 416
373 421
374 392
374 426
377 472
379 443
379 472
380 432
380 409
382 528
383 416
384 421
384 416
385 421
386 403
386 459
386 472
387 441
388 394
389 457
390 401
391 516
394 416
395 490
396 445
397 443
398 441
399 444
402 407
408 516
410 457
412 446
418 516
421 472
424 429
425 443
425 472
434 441
436 516
437 516
438 508
439 459
444 490
444 472
448 476
449 483
451 516
451 483
452 490
453 457
456 516
460 489
460 468
461 472
462 528
462 483
462 508
465 528
465 483
467 475
468 476
469 474
474 485
477 498
479 508
489 530
489 495
491 498
492 530
497 527
511 514
519 528
528 529
