0 18
0 137
0 392
0 67
0 222
0 15
0 7
0 13
1 419
1 268
1 181
1 279
1 385
1 15
1 288
1 50
2 291
2 257
2 361
2 346
2 206
2 271
2 272
2 121
3 508
3 459
3 123
3 103
3 323
3 421
3 339
3 119
4 22
4 186
4 94
4 270
4 122
4 123
4 339
4 84
5 346
5 22
5 109
5 103
5 241
5 271
5 259
5 23
6 312
6 476
6 208
6 403
6 23
6 22
6 178
6 103
7 350
7 17
7 420
7 394
7 208
7 358
7 23
7 403
8 134
8 331
8 181
8 18
8 409
8 346
8 186
8 395
9 73
9 430
9 472
9 312
9 178
9 483
9 240
9 214
10 259
10 240
10 109
10 495
10 221
10 346
10 67
10 19
11 271
11 22
11 84
11 208
11 240
11 23
11 123
11 39
12 346
12 18
12 436
12 371
12 134
12 208
12 109
12 23
13 268
13 134
13 314
13 57
13 420
13 334
13 186
14 429
14 186
14 421
14 23
14 41
14 354
14 339
14 272
15 84
15 23
15 371
15 18
15 22
15 457
15 208
15 198
16 421
16 198
16 208
16 339
16 332
16 103
16 476
16 22
17 133
17 134
17 416
17 208
17 23
17 490
17 241
17 346
18 109
18 516
18 103
18 181
18 198
18 208
18 23
18 22
19 445
19 274
19 346
19 272
19 208
19 345
19 22
19 516
20 483
20 459
20 28
20 216
20 186
20 103
20 84
21 69
21 340
21 388
21 422
21 268
21 43
21 308
21 105
22 516
22 476
22 198
22 103
22 208
22 271
22 23
23 271
23 109
23 313
23 208
23 103
23 241
23 198
24 236
24 67
24 103
24 427
24 495
24 240
24 475
24 219
25 516
25 241
25 181
25 103
25 312
25 208
26 420
26 181
26 52
26 103
26 198
27 269
27 299
27 353
27 413
27 79
27 429
27 109
28 208
28 198
28 271
28 312
28 516
28 103
29 416
29 388
29 372
29 219
29 394
29 269
29 204
29 236
30 366
30 119
30 123
30 453
30 208
31 368
31 272
31 198
31 472
31 144
31 208
32 421
32 112
32 103
32 208
32 472
32 186
32 354
33 119
33 103
33 339
33 271
33 208
33 366
34 208
34 354
34 109
34 371
34 346
34 416
34 421
34 198
35 208
35 134
35 416
35 103
35 198
35 421
36 432
36 292
36 453
36 48
36 103
36 255
36 366
37 259
37 516
37 103
37 198
37 416
37 208
37 240
37 123
38 495
38 103
38 476
38 323
38 416
38 439
39 416
39 68
39 272
39 332
39 363
39 123
40 288
40 346
40 371
40 416
40 421
40 48
40 323
40 208
41 459
41 271
41 119
41 94
41 198
41 208
42 259
42 312
42 436
42 413
42 113
42 109
42 170
43 134
43 362
43 312
43 346
43 186
43 395
43 436
44 483
44 208
44 241
44 291
44 103
44 198
44 416
44 219
45 528
45 144
45 345
45 321
45 78
45 160
45 333
46 401
46 475
46 240
46 134
46 103
46 300
46 420
46 453
47 187
47 394
47 421
47 416
47 79
47 176
47 346
47 361
48 312
48 208
48 421
48 198
48 241
48 103
49 67
49 406
49 392
49 454
49 495
49 468
49 188
49 504
50 208
50 346
50 300
50 516
50 274
50 421
50 323
51 84
51 312
51 80
51 259
51 331
51 103
51 99
52 198
52 332
52 457
52 271
52 476
52 103
53 281
53 247
53 226
53 368
53 264
53 333
53 445
53 369
54 416
54 208
54 420
54 429
54 385
54 70
55 144
55 323
55 123
55 119
55 208
55 441
55 272
56 57
56 219
56 498
56 178
56 472
56 416
56 323
56 103
57 313
57 134
57 198
57 208
57 416
57 103
57 346
58 345
58 70
58 274
58 445
58 368
58 382
58 281
59 416
59 490
59 241
59 103
59 259
59 312
60 186
60 483
60 145
60 103
60 528
60 476
60 366
61 268
61 179
61 371
61 269
61 69
61 95
62 228
62 508
62 339
62 421
62 292
62 385
62 323
63 316
63 366
63 371
63 288
63 279
63 432
64 527
64 134
64 453
64 279
64 495
64 420
64 103
65 268
65 269
65 73
65 67
65 181
66 88
66 321
66 205
66 85
66 328
66 510
66 454
66 347
67 490
67 263
67 361
67 476
67 198
67 208
67 103
67 346
68 198
68 363
68 208
68 508
68 123
68 272
69 109
69 234
69 134
69 208
69 394
69 346
69 241
70 490
70 241
70 409
70 272
70 208
70 346
71 208
71 84
71 123
71 323
71 312
71 263
71 401
72 337
72 129
72 527
72 347
72 420
72 184
72 475
73 291
73 198
73 312
73 271
73 241
73 103
74 368
74 335
74 393
74 528
74 382
74 123
75 508
75 300
75 394
75 219
75 346
75 269
75 361
76 233
76 308
76 495
76 105
76 195
76 268
77 361
77 263
77 476
77 186
77 208
77 271
78 353
78 160
78 112
78 333
78 228
78 528
78 377
78 368
79 241
79 472
79 421
79 198
79 416
79 208
79 103
79 219
80 393
80 483
80 291
80 241
80 103
80 259
81 274
81 144
81 443
81 369
81 131
81 333
81 345
82 272
82 377
82 353
82 409
82 421
82 181
82 186
83 271
83 206
83 313
83 208
83 490
83 346
83 367
84 189
84 441
84 103
84 403
84 198
84 208
85 346
85 490
85 236
85 279
85 475
85 263
85 195
86 112
86 319
86 119
86 421
86 472
86 368
86 323
87 109
87 208
87 187
87 103
87 323
87 311
87 416
88 361
88 416
88 476
88 109
88 495
88 394
88 346
89 333
89 319
89 362
89 368
89 441
89 443
89 144
90 416
90 291
90 420
90 109
90 103
90 312
91 394
91 178
91 173
91 530
91 393
92 198
92 508
92 334
92 103
92 476
92 208
93 109
93 346
93 416
93 381
93 308
93 207
93 394
94 441
94 272
94 208
94 119
94 313
94 271
95 346
95 268
95 208
95 400
95 112
95 282
96 186
96 419
96 334
96 300
96 238
96 354
97 134
97 323
97 187
97 269
97 416
97 394
97 219
97 346
98 103
98 457
98 421
98 198
98 339
99 219
99 346
99 312
99 472
99 103
99 420
100 508
100 339
100 198
100 123
101 366
101 350
101 339
101 103
101 208
102 530
102 308
102 256
102 150
102 381
102 388
103 291
103 516
103 208
103 241
103 198
104 208
104 350
104 241
104 339
104 508
105 516
105 395
105 204
105 134
105 381
105 420
105 346
106 476
106 134
106 129
106 279
106 420
107 346
107 393
107 271
107 214
107 395
107 257
108 158
108 269
108 346
108 340
108 230
108 243
109 134
109 416
109 259
109 198
109 208
109 241
110 272
110 226
110 333
110 319
110 144
110 368
110 443
111 240
111 300
111 269
111 241
111 238
111 490
112 198
112 208
112 416
112 241
112 346
112 403
112 134
113 346
113 178
113 416
113 241
113 350
113 208
114 274
114 429
114 272
114 144
114 333
114 443
114 345
114 379
115 208
115 123
115 476
115 483
115 459
116 312
116 198
116 208
116 421
117 476
117 119
117 271
117 144
117 441
117 272
118 450
118 353
118 333
118 408
118 429
118 145
118 372
119 198
119 421
119 271
119 208
119 313
119 441
120 490
120 259
120 420
120 323
120 476
120 416
120 187
121 490
121 291
121 241
121 198
122 339
122 181
122 208
123 241
123 198
123 208
123 339
124 366
124 208
124 350
124 228
124 403
124 508
125 208
125 134
125 236
125 204
125 241
125 416
125 346
126 385
126 342
126 508
126 366
126 198
126 178
126 208
127 186
127 476
127 187
127 354
127 459
127 323
128 384
128 343
128 187
128 377
129 371
129 241
129 208
129 366
129 476
129 420
130 483
130 464
130 172
130 368
130 353
130 214
130 253
131 208
131 274
131 345
131 333
131 362
131 443
131 144
131 272
132 441
132 198
132 257
132 323
132 490
132 189
133 241
133 134
133 490
133 416
133 346
134 198
134 516
134 416
134 241
135 181
135 332
135 421
135 346
135 208
136 516
136 241
136 198
136 291
136 208
137 436
137 394
137 508
137 186
138 315
138 483
138 459
138 453
138 214
138 186
139 529
139 394
139 187
139 528
139 476
139 319
139 368
140 272
140 476
140 394
140 257
140 443
140 528
140 144
140 368
141 490
141 269
141 259
141 444
141 204
142 416
142 257
142 490
142 241
142 395
142 346
143 483
143 323
143 472
143 495
144 443
144 333
144 208
144 362
144 272
144 441
144 345
145 271
145 508
145 208
145 350
145 198
146 208
146 204
146 416
146 490
146 259
146 334
146 241
147 236
147 263
147 527
147 198
148 476
148 312
148 263
148 208
148 198
149 367
149 492
149 428
149 279
149 346
149 495
150 530
150 204
150 489
150 381
150 504
150 346
150 176
151 257
151 346
151 490
151 381
151 204
151 259
152 186
152 346
152 238
152 381
152 268
152 222
153 204
153 334
153 416
153 346
154 216
154 368
154 354
154 366
154 342
154 476
154 419
154 385
155 368
155 214
155 291
155 393
155 330
155 226
155 462
156 368
156 208
156 349
156 527
156 219
156 472
156 508
156 421
157 219
157 421
157 208
157 198
157 368
157 394
157 269
158 527
158 208
158 421
158 263
158 346
158 323
159 198
159 416
159 300
159 208
159 346
159 189
160 368
160 379
160 345
160 333
160 272
160 445
161 432
161 457
161 420
162 334
162 263
162 323
162 476
163 416
163 361
163 208
163 393
163 476
163 346
164 516
164 312
164 409
164 472
165 208
165 404
165 198
165 416
166 334
166 187
166 416
166 382
166 354
166 468
166 476
167 323
167 420
167 527
167 187
167 530
168 416
168 208
168 476
169 237
169 471
169 279
169 253
169 321
169 287
170 259
170 358
170 346
170 269
170 394
170 219
170 234
171 476
171 483
172 208
172 339
172 416
172 241
172 403
173 312
173 241
173 236
173 346
173 208
173 291
174 276
174 382
174 445
174 429
174 238
174 354
175 204
175 216
175 284
175 240
175 390
175 475
176 393
176 346
176 472
176 204
176 421
176 416
176 368
177 241
177 291
177 208
178 241
178 508
178 208
178 198
179 236
179 198
179 371
179 346
179 219
179 263
179 268
179 416
180 214
180 368
180 349
180 394
180 400
180 219
181 312
181 395
181 208
181 198
182 339
182 455
182 430
182 214
182 461
182 375
182 393
183 384
183 219
183 504
183 308
183 371
183 269
183 422
184 516
184 420
184 346
184 259
184 241
185 473
185 489
185 492
185 195
185 352
185 381
185 346
185 530
186 421
186 490
186 354
186 208
186 257
187 259
187 421
187 416
187 198
187 208
187 219
188 371
188 346
188 208
189 259
189 490
189 208
189 198
190 342
190 366
190 410
190 457
190 432
191 441
191 272
191 208
191 429
192 219
192 241
192 498
192 291
192 476
193 516
193 272
194 416
194 241
194 498
194 291
194 259
194 468
195 308
195 268
195 394
195 416
195 318
195 361
195 346
195 259
196 208
196 490
196 257
196 241
197 346
197 361
197 382
197 385
198 291
198 263
198 274
198 508
198 208
199 421
199 241
199 208
199 508
200 361
200 388
200 308
200 352
200 327
200 417
201 259
201 404
201 346
201 241
202 361
202 229
202 416
202 269
202 452
202 230
203 346
203 291
203 339
203 208
204 291
204 259
204 241
204 416
204 346
205 346
205 241
205 416
205 495
205 498
205 240
206 208
206 272
206 251
206 274
206 346
206 271
207 241
207 208
207 259
207 490
207 346
208 241
208 416
208 490
208 345
209 284
209 483
209 312
210 427
210 490
210 346
210 263
210 416
210 268
211 404
211 236
211 221
211 527
211 346
212 243
212 371
212 421
212 263
212 288
213 453
213 354
213 528
213 366
214 272
214 332
214 312
215 322
215 424
215 429
215 406
215 353
215 253
216 312
216 419
216 459
217 347
217 279
217 455
217 243
217 360
218 269
218 241
218 346
218 490
219 241
219 472
219 416
220 372
220 269
220 230
220 308
220 388
220 422
221 391
221 334
221 240
221 516
221 361
222 241
222 416
222 311
222 346
222 269
223 527
223 432
223 476
223 420
223 495
224 272
224 443
224 333
224 353
224 445
225 409
225 312
225 354
225 311
225 429
226 472
226 362
226 443
226 345
226 333
226 272
227 302
227 350
228 339
228 345
228 370
228 421
228 508
229 404
229 416
229 334
230 269
230 346
230 483
230 416
230 361
231 445
231 391
231 373
231 516
231 288
232 313
232 416
232 421
233 308
233 346
234 259
234 241
234 346
235 516
235 312
235 240
235 472
235 291
236 490
236 291
236 346
237 403
237 371
238 416
238 421
238 354
238 346
239 516
239 441
239 459
239 421
240 516
240 241
241 416
241 490
242 443
242 382
243 371
243 323
243 385
243 421
243 432
243 436
243 373
244 425
244 310
244 443
244 387
244 445
245 393
245 381
245 361
245 512
246 516
246 409
246 271
246 346
247 345
247 333
247 369
247 445
247 286
247 281
248 432
248 323
248 371
249 300
249 354
249 288
250 308
250 394
250 444
250 388
250 360
251 313
251 257
251 272
251 271
252 401
252 268
252 424
252 346
252 354
253 445
253 346
253 271
253 483
253 279
254 476
254 259
254 346
254 361
255 441
255 421
255 272
256 383
256 346
256 498
256 530
257 490
257 332
257 346
257 395
258 263
258 259
258 271
258 300
258 346
258 490
259 516
260 516
260 404
260 421
260 429
260 366
260 472
261 483
261 495
262 300
262 472
262 421
262 312
263 312
263 421
264 319
264 362
264 272
264 274
264 445
264 333
264 345
265 483
265 468
265 361
265 346
266 508
266 459
266 366
266 350
266 528
266 476
267 296
267 281
267 353
267 276
267 445
268 490
268 420
268 346
268 416
269 490
269 416
270 345
270 274
270 312
270 271
270 272
271 272
271 441
271 313
272 274
272 362
272 441
272 345
273 483
273 459
273 342
274 312
274 421
274 441
274 345
275 346
275 516
276 441
276 429
276 345
277 354
277 385
278 377
279 288
279 516
279 346
279 432
279 404
280 516
280 490
280 332
280 346
281 353
281 429
281 445
281 345
282 395
282 331
282 490
282 313
282 346
283 361
283 396
283 423
283 360
284 528
284 291
284 483
285 371
285 362
285 445
285 409
285 345
286 353
286 475
286 445
286 371
286 346
287 312
287 296
287 445
288 366
288 457
288 421
288 432
288 312
288 385
289 300
289 429
289 476
289 459
290 419
290 475
290 401
290 432
290 318
291 490
292 366
292 385
292 508
293 354
293 476
293 516
294 358
294 451
294 354
295 312
295 346
296 346
296 332
296 516
297 528
297 403
297 483
298 377
298 312
298 353
298 445
298 346
298 369
299 472
299 441
299 429
299 416
300 346
300 516
300 361
300 490
301 445
301 443
301 345
301 333
302 404
302 312
302 401
302 409
302 371
303 394
303 417
303 308
304 483
304 516
304 345
304 379
305 421
305 366
305 339
306 382
306 483
306 311
307 354
307 483
307 312
307 339
308 346
308 388
308 372
308 394
309 312
309 346
310 345
311 346
311 312
311 416
312 416
312 313
314 339
314 332
314 334
315 483
315 346
316 516
316 453
316 366
316 445
316 421
316 385
316 432
317 385
317 421
317 416
318 416
318 420
318 346
318 409
318 404
319 508
320 348
320 366
320 377
320 403
320 339
320 342
320 508
321 445
321 333
321 429
321 368
321 443
322 354
322 416
322 436
322 361
322 382
323 472
323 421
324 332
324 366
324 432
324 436
324 385
325 371
325 363
326 508
326 366
326 472
327 490
327 346
327 413
327 404
328 403
328 527
328 361
328 420
328 394
329 346
329 416
330 472
330 346
331 516
332 516
333 368
333 362
333 441
333 443
333 345
334 476
335 483
335 345
336 453
336 459
336 366
337 339
338 453
338 483
338 366
339 508
340 358
340 428
340 372
340 420
340 388
341 416
341 346
342 508
343 346
343 490
343 394
344 371
344 420
344 401
344 385
344 366
344 432
345 441
346 416
347 453
347 475
348 429
348 362
349 403
349 508
350 490
350 508
351 382
351 483
352 394
352 361
352 492
352 388
353 416
354 490
354 516
354 416
355 429
355 441
355 368
356 371
356 453
357 421
357 416
357 371
358 516
359 401
359 441
360 490
361 416
362 441
364 366
364 459
365 490
365 395
366 421
366 472
366 508
367 421
368 443
368 421
368 472
370 508
370 421
371 416
371 421
372 394
372 416
373 385
373 516
373 421
374 418
374 392
374 426
375 441
376 379
377 421
377 472
379 441
379 421
379 443
379 472
380 432
380 409
381 393
381 416
382 443
382 528
383 498
383 416
384 416
384 421
385 421
386 472
386 403
386 508
386 459
387 443
387 441
388 450
388 416
388 394
389 432
389 457
390 429
390 401
391 395
391 516
393 516
393 476
394 416
395 421
395 490
396 445
397 443
398 443
398 441
399 490
399 526
399 444
402 407
403 416
403 508
404 413
404 516
405 475
406 416
407 416
408 472
408 516
408 413
410 457
411 472
412 446
413 516
415 424
415 445
416 490
418 516
420 516
421 472
422 527
422 490
423 441
424 429
425 443
425 472
426 457
426 453
428 495
429 441
430 472
431 451
432 457
434 441
436 516
437 516
437 441
438 508
439 459
444 472
444 490
447 457
448 516
448 476
449 472
449 478
449 483
451 516
451 483
452 490
453 516
453 457
454 483
455 490
456 516
460 489
460 468
461 472
462 508
462 528
462 529
462 483
463 483
464 490
464 508
465 475
465 483
465 528
466 476
467 475
467 483
468 476
469 474
474 485
475 516
477 498
478 483
479 508
482 483
484 490
485 508
486 490
487 527
489 495
489 530
491 498
492 530
493 516
494 502
497 527
498 527
511 514
518 527
519 528
528 529
