0 448
0 18
0 137
0 392
0 67
0 222
0 15
0 7
0 13
1 263
1 419
1 268
1 181
1 279
1 385
1 15
1 288
1 50
2 441
2 291
2 257
2 361
2 346
2 206
2 271
2 272
2 121
3 366
3 508
3 459
3 123
3 103
3 323
3 421
3 339
3 119
4 18
4 22
4 186
4 94
4 270
4 122
4 123
4 339
4 84
5 208
5 22
5 109
5 271
5 103
5 241
5 346
5 259
5 23
6 198
6 312
6 476
6 208
6 403
6 23
6 22
6 178
6 103
7 70
7 350
7 17
7 420
7 394
7 208
7 358
7 23
7 403
8 23
8 134
8 331
8 181
8 18
8 409
8 346
8 186
8 395
9 103
9 240
9 312
9 472
9 430
9 178
9 483
9 73
9 214
10 516
10 259
10 240
10 109
10 495
10 221
10 346
10 67
10 19
11 441
11 271
11 22
11 84
11 208
11 240
11 23
11 123
11 39
12 457
12 346
12 18
12 436
12 371
12 134
12 208
12 109
12 23
13 331
13 12
13 268
13 134
13 314
13 57
13 420
13 334
13 186
14 198
14 429
14 186
14 421
14 23
14 41
14 354
14 339
14 272
15 516
15 371
15 22
15 457
15 18
15 198
15 23
15 208
15 84
16 119
16 421
16 198
16 208
16 339
16 332
16 103
16 476
16 22
17 359
17 133
17 134
17 416
17 208
17 23
17 490
17 241
17 346
18 339
18 109
18 516
18 103
18 181
18 198
18 208
18 23
18 22
19 23
19 445
19 274
19 346
19 272
19 208
19 345
19 22
19 516
20 300
20 483
20 15
20 459
20 28
20 216
20 186
20 103
20 84
21 7
21 69
21 340
21 388
21 422
21 268
21 43
21 308
21 105
22 272
22 516
22 476
22 18
22 198
22 103
22 208
22 271
22 23
23 312
23 271
23 313
23 241
23 208
23 103
23 109
23 198
23 22
24 516
24 236
24 67
24 103
24 427
24 495
24 240
24 475
24 219
25 5
25 516
25 241
25 181
25 103
25 312
25 208
25 22
25 23
26 346
26 420
26 181
26 52
26 103
26 18
26 23
26 22
26 198
27 394
27 299
27 269
27 353
27 413
27 17
27 79
27 429
27 109
28 181
28 208
28 198
28 271
28 312
28 516
28 22
28 23
28 103
29 263
29 236
29 204
29 219
29 372
29 388
29 394
29 416
29 269
30 332
30 119
30 366
30 123
30 18
30 22
30 23
30 453
30 208
31 421
31 368
31 19
31 23
31 272
31 198
31 472
31 144
31 208
32 366
32 421
32 112
32 103
32 208
32 16
32 472
32 186
32 354
33 345
33 208
33 271
33 22
33 23
33 119
33 103
33 339
33 366
34 263
34 208
34 354
34 109
34 371
34 346
34 416
34 421
34 198
35 241
35 208
35 134
35 16
35 416
35 103
35 198
35 22
35 421
36 385
36 6
36 432
36 292
36 453
36 48
36 103
36 255
36 366
37 39
37 259
37 516
37 103
37 198
37 416
37 208
37 240
37 123
38 187
38 3
38 495
38 103
38 476
38 323
38 416
38 439
38 16
39 208
39 22
39 416
39 68
39 272
39 332
39 363
39 123
39 23
40 432
40 288
40 346
40 371
40 416
40 421
40 48
40 323
40 208
41 291
41 119
41 23
41 22
41 94
41 271
41 459
41 198
41 208
42 394
42 259
42 312
42 436
42 413
42 113
42 109
42 17
42 170
43 441
43 134
43 362
43 312
43 346
43 186
43 18
43 395
43 436
44 23
44 483
44 208
44 241
44 291
44 103
44 198
44 416
44 219
45 264
45 528
45 144
45 19
45 345
45 321
45 78
45 160
45 333
46 30
46 401
46 475
46 240
46 134
46 103
46 300
46 420
46 453
47 334
47 394
47 187
47 421
47 416
47 79
47 176
47 346
47 361
48 416
48 312
48 25
48 208
48 421
48 198
48 23
48 241
48 103
49 427
49 67
49 406
49 392
49 454
49 495
49 468
49 188
49 504
50 401
50 208
50 346
50 18
50 300
50 516
50 274
50 421
50 323
51 6
51 259
51 84
51 22
51 103
51 331
51 80
51 312
51 99
52 291
52 198
52 332
52 22
52 23
52 457
52 271
52 476
52 103
53 353
53 281
53 247
53 226
53 368
53 264
53 333
53 445
53 369
54 354
54 7
54 48
54 416
54 208
54 420
54 429
54 385
54 70
55 345
55 144
55 323
55 123
55 119
55 208
55 441
55 22
55 272
56 346
56 57
56 219
56 498
56 178
56 472
56 416
56 323
56 103
57 241
57 313
57 134
57 198
57 208
57 23
57 416
57 103
57 346
58 353
58 345
58 274
58 70
58 445
58 368
58 19
58 382
58 281
59 208
59 5
59 490
59 416
59 22
59 241
59 103
59 259
59 312
60 354
60 186
60 483
60 145
60 103
60 528
60 16
60 476
60 366
61 103
61 268
61 57
61 7
61 179
61 371
61 269
61 69
61 95
62 123
62 228
62 508
62 339
62 421
62 55
62 292
62 385
62 323
63 302
63 316
63 366
63 371
63 288
63 279
63 30
63 432
63 15
64 67
64 46
64 453
64 279
64 134
64 527
64 495
64 420
64 103
65 436
65 5
65 268
65 269
65 12
65 73
65 18
65 67
65 181
66 406
66 88
66 321
66 205
66 85
66 328
66 510
66 454
66 347
67 475
67 263
67 361
67 490
67 476
67 198
67 208
67 103
67 346
68 339
68 198
68 363
68 208
68 508
68 123
68 272
68 23
68 39
69 409
69 109
69 234
69 134
69 208
69 394
69 23
69 346
69 241
70 516
70 490
70 241
70 409
70 272
70 208
70 346
70 22
70 23
71 394
71 208
71 84
71 123
71 39
71 323
71 312
71 263
71 401
72 67
72 337
72 129
72 527
72 347
72 420
72 184
72 48
72 475
73 123
73 271
73 198
73 291
73 312
73 241
73 103
73 23
73 22
74 103
74 368
74 335
74 393
74 59
74 41
74 528
74 382
74 123
75 178
75 5
75 508
75 300
75 394
75 219
75 346
75 269
75 361
76 85
76 233
76 50
76 308
76 495
76 105
76 67
76 195
76 268
77 490
77 271
77 208
77 186
77 23
77 476
77 263
77 361
77 5
78 144
78 353
78 160
78 112
78 333
78 228
78 528
78 377
78 368
79 394
79 241
79 472
79 421
79 198
79 416
79 208
79 103
79 219
80 271
80 393
80 483
80 291
80 241
80 22
80 23
80 103
80 259
81 114
81 274
81 144
81 443
81 19
81 369
81 131
81 333
81 345
82 15
82 272
82 377
82 353
82 409
82 421
82 181
82 186
82 18
83 312
83 23
83 271
83 206
83 313
83 208
83 490
83 346
83 367
84 271
84 189
84 441
84 103
84 403
84 198
84 208
84 22
84 23
85 269
85 195
85 236
85 263
85 490
85 279
85 67
85 346
85 475
86 527
86 112
86 319
86 119
86 421
86 472
86 368
86 79
86 323
87 178
87 109
87 208
87 187
87 103
87 44
87 323
87 311
87 416
88 219
88 346
88 109
88 361
88 394
88 476
88 495
88 416
88 67
89 345
89 333
89 319
89 362
89 368
89 441
89 443
89 79
89 144
90 70
90 416
90 291
90 420
90 109
90 103
90 312
90 22
90 25
91 346
91 394
91 2
91 178
91 173
91 84
91 19
91 530
91 393
92 52
92 208
92 476
92 198
92 334
92 103
92 22
92 23
92 508
93 241
93 109
93 346
93 17
93 416
93 381
93 308
93 207
93 394
94 198
94 272
94 441
94 208
94 119
94 313
94 23
94 271
94 22
95 416
95 346
95 268
95 208
95 400
95 7
95 112
95 69
95 282
96 121
96 186
96 41
96 419
96 334
96 3
96 300
96 238
96 354
97 241
97 134
97 394
97 323
97 269
97 416
97 187
97 219
97 346
98 508
98 103
98 457
98 421
98 22
98 198
98 18
98 339
98 23
99 134
99 219
99 346
99 6
99 312
99 472
99 103
99 23
99 420
100 22
100 94
100 339
100 508
100 23
100 84
100 198
100 41
100 123
101 22
101 23
101 366
101 18
101 350
101 339
101 103
101 39
101 208
102 185
102 88
102 256
102 47
102 150
102 381
102 388
102 530
102 308
103 476
103 291
103 516
103 28
103 208
103 22
103 23
103 241
103 198
104 109
104 22
104 208
104 350
104 68
104 23
104 241
104 339
104 508
105 268
105 69
105 516
105 395
105 204
105 134
105 381
105 420
105 346
106 432
106 476
106 134
106 15
106 129
106 279
106 57
106 67
106 420
107 334
107 214
107 393
107 346
107 22
107 103
107 271
107 257
107 395
108 75
108 158
108 269
108 13
108 346
108 15
108 340
108 230
108 243
109 490
109 208
109 198
109 241
109 22
109 416
109 134
109 259
109 23
110 119
110 272
110 226
110 333
110 319
110 94
110 144
110 368
110 443
111 468
111 48
111 59
111 240
111 269
111 300
111 241
111 238
111 490
112 371
112 198
112 208
112 416
112 241
112 346
112 403
112 134
112 23
113 198
113 346
113 178
113 416
113 241
113 350
113 208
113 84
113 79
114 335
114 274
114 333
114 345
114 429
114 379
114 443
114 272
114 144
115 339
115 208
115 123
115 84
115 476
115 483
115 459
115 30
115 103
116 416
116 312
116 103
116 198
116 23
116 22
116 208
116 421
116 18
117 16
117 94
117 476
117 119
117 271
117 144
117 22
117 441
117 272
118 483
118 450
118 19
118 353
118 333
118 408
118 429
118 145
118 372
119 94
119 198
119 421
119 23
119 22
119 271
119 208
119 313
119 441
120 204
120 490
120 259
120 420
120 323
120 103
120 476
120 416
120 187
121 208
121 73
121 490
121 291
121 198
121 23
121 103
121 241
121 22
122 259
122 339
122 181
122 52
122 22
122 23
122 208
122 18
122 103
123 39
123 241
123 198
123 119
123 208
123 339
123 22
123 23
123 103
124 349
124 366
124 208
124 112
124 350
124 228
124 403
124 7
124 508
125 23
125 208
125 134
125 236
125 103
125 204
125 241
125 416
125 346
126 432
126 385
126 342
126 508
126 366
126 198
126 178
126 208
126 103
127 472
127 186
127 476
127 187
127 354
127 3
127 459
127 70
127 323
128 34
128 50
128 384
128 343
128 187
128 16
128 377
128 15
128 67
129 323
129 371
129 241
129 208
129 366
129 476
129 109
129 6
129 420
130 382
130 483
130 464
130 172
130 100
130 368
130 353
130 214
130 253
131 441
131 208
131 274
131 345
131 333
131 362
131 443
131 144
131 272
132 123
132 441
132 198
132 257
132 323
132 490
132 189
132 23
132 22
133 198
133 241
133 109
133 23
133 134
133 490
133 17
133 416
133 346
134 476
134 198
134 109
134 22
134 516
134 416
134 103
134 241
134 23
135 257
135 181
135 22
135 332
135 23
135 39
135 421
135 346
135 208
136 271
136 291
136 241
136 516
136 198
136 103
136 22
136 208
136 23
137 339
137 119
137 62
137 57
137 94
137 436
137 394
137 508
137 186
138 441
138 315
138 80
138 483
138 84
138 459
138 453
138 214
138 186
139 323
139 103
139 529
139 394
139 187
139 528
139 476
139 319
139 368
140 323
140 144
140 476
140 443
140 368
140 528
140 257
140 272
140 394
141 416
141 5
141 490
141 269
141 67
141 259
141 444
141 204
141 73
142 5
142 490
142 23
142 257
142 346
142 39
142 241
142 395
142 416
143 240
143 483
143 52
143 323
143 472
143 123
143 495
143 103
143 16
144 274
144 443
144 333
144 208
144 22
144 362
144 272
144 441
144 345
145 119
145 271
145 508
145 103
145 23
145 22
145 208
145 350
145 198
146 409
146 208
146 204
146 416
146 490
146 259
146 334
146 25
146 241
147 271
147 236
147 5
147 263
147 22
147 527
147 198
147 103
147 23
148 103
148 198
148 84
148 208
148 22
148 119
148 312
148 476
148 263
149 323
149 367
149 492
149 428
149 67
149 279
149 346
149 495
149 50
150 256
150 530
150 204
150 489
150 381
150 504
150 346
150 176
150 47
151 241
151 257
151 346
151 490
151 381
151 59
151 204
151 109
151 259
152 263
152 186
152 125
152 346
152 238
152 381
152 268
152 12
152 222
153 259
153 204
153 73
153 334
153 109
153 416
153 346
153 103
153 67
154 484
154 216
154 368
154 354
154 366
154 342
154 476
154 419
154 385
155 529
155 368
155 214
155 291
155 393
155 330
155 226
155 462
155 44
156 263
156 368
156 208
156 349
156 527
156 219
156 472
156 508
156 421
157 371
157 219
157 421
157 208
157 198
157 79
157 368
157 394
157 269
158 416
158 527
158 208
158 421
158 23
158 263
158 346
158 134
158 323
159 22
159 416
159 198
159 300
159 208
159 103
159 346
159 189
159 84
160 274
160 368
160 379
160 345
160 333
160 144
160 272
160 445
160 22
161 288
161 23
161 109
161 25
161 12
161 432
161 457
161 18
161 420
162 421
162 103
162 22
162 334
162 263
162 323
162 476
162 123
162 134
163 134
163 22
163 103
163 416
163 361
163 208
163 393
163 476
163 346
164 240
164 516
164 103
164 312
164 409
164 472
164 23
164 28
164 6
165 346
165 23
165 123
165 208
165 404
165 103
165 198
165 416
165 18
166 219
166 334
166 187
166 22
166 416
166 382
166 354
166 468
166 476
167 416
167 323
167 420
167 527
167 15
167 19
167 187
167 530
167 18
168 257
168 67
168 94
168 18
168 15
168 416
168 208
168 476
168 145
169 55
169 237
169 471
169 33
169 279
169 253
169 321
169 63
169 287
170 109
170 259
170 358
170 346
170 269
170 394
170 5
170 219
170 234
171 346
171 28
171 6
171 103
171 476
171 22
171 23
171 52
171 483
172 508
172 208
172 339
172 416
172 241
172 84
172 103
172 403
172 94
173 368
173 25
173 312
173 241
173 236
173 346
173 22
173 208
173 291
174 483
174 276
174 55
174 382
174 445
174 144
174 429
174 238
174 354
175 453
175 204
175 216
175 60
175 284
175 240
175 48
175 390
175 475
176 312
176 393
176 346
176 472
176 173
176 204
176 421
176 416
176 368
177 409
177 84
177 94
177 241
177 291
177 208
177 22
177 23
177 73
178 84
178 508
178 241
178 109
178 103
178 208
178 22
178 23
178 198
179 208
179 236
179 198
179 371
179 346
179 219
179 263
179 268
179 416
180 358
180 214
180 127
180 70
180 368
180 349
180 394
180 400
180 219
181 28
181 312
181 103
181 395
181 23
181 22
181 208
181 198
181 18
182 438
182 455
182 339
182 430
182 173
182 214
182 461
182 375
182 393
183 99
183 219
183 7
183 384
183 371
183 504
183 269
183 422
183 308
184 134
184 109
184 516
184 420
184 23
184 259
184 22
184 241
184 346
185 24
185 492
185 489
185 473
185 195
185 352
185 381
185 346
185 530
186 119
186 421
186 22
186 94
186 490
186 23
186 354
186 208
186 257
187 346
187 259
187 421
187 416
187 198
187 23
187 208
187 219
187 103
188 416
188 84
188 7
188 18
188 371
188 112
188 346
188 208
188 23
189 271
189 259
189 490
189 208
189 198
189 22
189 23
189 84
189 103
190 385
190 103
190 342
190 366
190 181
190 410
190 23
190 457
190 432
191 263
191 22
191 186
191 441
191 272
191 39
191 208
191 55
191 429
192 109
192 48
192 219
192 241
192 178
192 291
192 498
192 476
192 103
193 145
193 23
193 22
193 28
193 516
193 103
193 6
193 134
193 272
194 219
194 416
194 241
194 498
194 121
194 291
194 103
194 259
194 468
195 527
195 308
195 268
195 394
195 416
195 318
195 361
195 346
195 259
196 441
196 208
196 67
196 22
196 134
196 144
196 490
196 257
196 241
197 472
197 79
197 187
197 346
197 178
197 148
197 361
197 382
197 385
198 421
198 291
198 263
198 274
198 508
198 23
198 208
198 22
198 103
199 371
199 421
199 109
199 241
199 208
199 198
199 103
199 508
199 23
200 360
200 361
200 388
200 308
200 195
200 352
200 133
200 327
200 417
201 22
201 73
201 259
201 142
201 109
201 404
201 23
201 346
201 241
202 334
202 5
202 229
202 230
202 34
202 416
202 452
202 361
202 269
203 263
203 123
203 198
203 346
203 291
203 339
203 208
203 23
203 103
204 73
204 291
204 259
204 109
204 23
204 241
204 416
204 103
204 346
205 483
205 346
205 241
205 416
205 109
205 495
205 498
205 240
205 204
206 441
206 208
206 23
206 22
206 272
206 251
206 274
206 346
206 271
207 236
207 109
207 241
207 103
207 208
207 259
207 134
207 490
207 346
208 119
208 241
208 416
208 490
208 345
208 103
208 22
208 23
208 198
209 262
209 284
209 6
209 103
209 99
209 28
209 483
209 312
209 22
210 103
210 427
210 490
210 346
210 263
210 187
210 416
210 67
210 268
211 187
211 404
211 236
211 221
211 67
211 527
211 346
211 195
211 69
212 34
212 243
212 371
212 40
212 421
212 263
212 288
212 186
212 15
213 419
213 453
213 366
213 103
213 354
213 528
213 38
213 187
213 3
214 240
214 272
214 103
214 332
214 312
214 181
214 123
214 23
214 22
215 276
215 322
215 424
215 429
215 406
215 129
215 353
215 253
215 57
216 263
216 123
216 103
216 22
216 312
216 18
216 208
216 459
216 419
217 262
217 29
217 347
217 279
217 455
217 243
217 7
217 360
217 179
218 142
218 109
218 269
218 207
218 241
218 346
218 69
218 490
218 17
219 22
219 187
219 241
219 208
219 103
219 472
219 416
219 198
219 23
220 346
220 372
220 269
220 34
220 230
220 308
220 388
220 422
220 67
221 420
221 334
221 391
221 103
221 5
221 240
221 516
221 23
221 361
222 388
222 241
222 67
222 416
222 311
222 109
222 69
222 346
222 269
223 323
223 22
223 527
223 432
223 23
223 476
223 420
223 103
223 495
224 58
224 55
224 272
224 443
224 333
224 353
224 445
224 19
224 70
225 508
225 409
225 178
225 17
225 6
225 312
225 354
225 311
225 429
226 335
226 94
226 472
226 144
226 362
226 443
226 345
226 333
226 272
227 116
227 302
227 98
227 57
227 18
227 16
227 67
227 350
227 112
228 208
228 23
228 339
228 345
228 198
228 370
228 119
228 421
228 508
229 413
229 404
229 5
229 416
229 334
229 219
229 109
229 34
229 148
230 354
230 269
230 346
230 483
230 5
230 416
230 219
230 109
230 361
231 279
231 445
231 391
231 373
231 516
231 18
231 15
231 288
231 206
232 346
232 198
232 421
232 69
232 208
232 48
232 313
232 416
232 23
233 454
233 204
233 67
233 308
233 219
233 346
233 195
233 57
233 105
234 134
234 69
234 259
234 241
234 346
234 23
234 208
234 198
234 109
235 236
235 28
235 516
235 312
235 240
235 73
235 472
235 103
235 291
236 263
236 490
236 208
236 198
236 291
236 346
236 103
236 23
236 22
237 349
237 403
237 17
237 371
237 112
237 124
237 48
237 228
237 7
238 123
238 416
238 103
238 23
238 421
238 208
238 354
238 39
238 346
239 23
239 516
239 441
239 22
239 459
239 198
239 421
239 208
239 103
240 312
240 198
240 516
240 208
240 22
240 28
240 241
240 23
240 103
241 134
241 416
241 23
241 22
241 208
241 109
241 103
241 198
241 490
242 272
242 142
242 186
242 70
242 59
242 226
242 207
242 443
242 382
243 208
243 371
243 323
243 186
243 385
243 421
243 432
243 436
243 373
244 284
244 425
244 28
244 310
244 443
244 387
244 2
244 216
244 445
245 208
245 109
245 393
245 381
245 113
245 84
245 361
245 5
245 512
246 472
246 516
246 23
246 198
246 409
246 271
246 346
246 103
246 22
247 206
247 19
247 345
247 333
247 369
247 445
247 286
247 281
247 33
248 457
248 186
248 69
248 18
248 208
248 432
248 323
248 181
248 371
249 166
249 15
249 288
249 187
249 300
249 186
249 19
249 354
249 18
250 69
250 308
250 222
250 394
250 444
250 157
250 388
250 88
250 360
251 445
251 238
251 313
251 257
251 23
251 186
251 272
251 206
251 271
252 490
252 401
252 268
252 424
252 346
252 251
252 354
252 238
252 186
253 452
253 445
253 346
253 238
253 271
253 30
253 483
253 279
253 186
254 41
254 207
254 476
254 259
254 346
254 361
254 5
254 109
254 204
255 274
255 441
255 421
255 23
255 22
255 208
255 119
255 198
255 272
256 416
256 383
256 346
256 241
256 187
256 103
256 498
256 530
256 219
257 441
257 94
257 490
257 332
257 346
257 395
257 103
257 22
257 23
258 527
258 259
258 263
258 271
258 300
258 346
258 490
258 206
258 208
259 198
259 516
259 5
259 22
259 208
259 103
259 23
259 241
259 109
260 453
260 516
260 404
260 103
260 119
260 421
260 429
260 366
260 472
261 22
261 57
261 123
261 483
261 18
261 208
261 240
261 495
261 103
262 368
262 103
262 187
262 300
262 472
262 421
262 219
262 312
262 48
263 441
263 312
263 421
263 103
263 119
263 22
263 208
263 198
263 23
264 421
264 319
264 144
264 362
264 272
264 274
264 445
264 333
264 345
265 178
265 84
265 2
265 361
265 483
265 468
265 208
265 109
265 346
266 123
266 508
266 459
266 366
266 104
266 350
266 528
266 476
266 103
267 272
267 296
267 238
267 281
267 353
267 276
267 251
267 445
267 206
268 371
268 490
268 109
268 208
268 420
268 23
268 241
268 346
268 416
269 23
269 103
269 198
269 109
269 490
269 208
269 219
269 241
269 416
270 362
270 84
270 23
270 345
270 274
270 312
270 271
270 22
270 272
271 103
271 198
271 272
271 208
271 119
271 23
271 441
271 313
271 22
272 271
272 208
272 274
272 362
272 22
272 23
272 144
272 441
272 345
273 339
273 483
273 119
273 459
273 100
273 178
273 123
273 103
273 342
274 271
274 312
274 22
274 421
274 208
274 441
274 272
274 198
274 345
275 198
275 263
275 25
275 103
275 346
275 516
275 22
275 208
275 23
276 445
276 441
276 429
276 186
276 22
276 206
276 345
276 272
276 208
277 186
277 385
277 354
277 263
277 181
277 134
277 16
277 23
277 22
278 292
278 160
278 15
278 377
278 3
278 16
278 30
278 187
278 18
279 420
279 288
279 57
279 23
279 25
279 516
279 346
279 432
279 404
280 22
280 25
280 5
280 208
280 516
280 23
280 490
280 332
280 346
281 19
281 353
281 22
281 429
281 445
281 345
281 208
281 272
281 274
282 112
282 395
282 23
282 331
282 490
282 313
282 208
282 346
282 198
283 300
283 361
283 67
283 238
283 396
283 423
283 258
283 360
283 230
284 198
284 28
284 44
284 23
284 528
284 123
284 291
284 103
284 483
285 18
285 181
285 371
285 362
285 445
285 70
285 409
285 272
285 345
286 208
286 206
286 33
286 353
286 475
286 445
286 371
286 346
286 281
287 345
287 251
287 312
287 206
287 33
287 272
287 186
287 445
287 296
288 208
288 103
288 366
288 457
288 421
288 23
288 432
288 312
288 385
289 22
289 300
289 119
289 48
289 208
289 429
289 94
289 476
289 459
290 25
290 238
290 419
290 288
290 475
290 401
290 18
290 432
290 318
291 312
291 241
291 271
291 490
291 103
291 23
291 208
291 22
291 198
292 178
292 366
292 385
292 22
292 208
292 23
292 103
292 198
292 508
293 495
293 103
293 18
293 187
293 22
293 354
293 476
293 208
293 516
294 70
294 219
294 259
294 84
294 204
294 187
294 358
294 451
294 354
295 291
295 312
295 346
295 241
295 259
295 208
295 198
295 103
295 23
296 23
296 206
296 271
296 25
296 272
296 332
296 516
296 22
296 346
297 187
297 103
297 528
297 403
297 48
297 483
297 3
297 216
297 284
298 516
298 377
298 214
298 312
298 353
298 272
298 445
298 346
298 369
299 263
299 472
299 198
299 219
299 208
299 441
299 429
299 416
299 79
300 401
300 346
300 274
300 516
300 361
300 198
300 490
300 103
300 208
301 19
301 281
301 445
301 206
301 214
301 272
301 443
301 345
301 333
302 23
302 404
302 312
302 401
302 18
302 409
302 198
302 371
302 263
303 269
303 241
303 394
303 417
303 125
303 113
303 204
303 79
303 308
304 272
304 19
304 483
304 516
304 28
304 345
304 22
304 103
304 379
305 416
305 421
305 94
305 366
305 16
305 39
305 103
305 339
305 123
306 208
306 145
306 382
306 483
306 103
306 300
306 67
306 187
306 311
307 346
307 354
307 39
307 483
307 312
307 257
307 339
307 238
307 123
308 416
308 346
308 195
308 388
308 113
308 372
308 17
308 69
308 394
309 109
309 25
309 312
309 2
309 5
309 204
309 271
309 73
309 346
310 198
310 274
310 28
310 208
310 22
310 272
310 103
310 23
310 345
311 6
311 23
311 198
311 208
311 109
311 346
311 312
311 416
311 103
312 272
312 28
312 416
312 103
312 313
312 208
312 23
312 22
312 198
313 490
313 272
313 312
313 271
313 23
313 119
313 208
313 22
313 198
314 313
314 339
314 22
314 52
314 18
314 270
314 332
314 23
314 334
315 214
315 483
315 312
315 23
315 257
315 103
315 22
315 346
315 6
316 373
316 288
316 516
316 453
316 366
316 445
316 421
316 385
316 432
317 354
317 39
317 385
317 421
317 416
317 238
317 240
317 300
317 48
318 134
318 416
318 420
318 25
318 241
318 346
318 259
318 409
318 404
319 472
319 103
319 508
319 94
319 271
319 22
319 119
319 198
319 291
320 6
320 366
320 403
320 377
320 348
320 339
320 342
320 84
320 508
321 186
321 445
321 333
321 429
321 368
321 443
321 160
321 19
321 144
322 346
322 354
322 416
322 299
322 436
322 79
322 57
322 361
322 382
323 508
323 22
323 103
323 472
323 198
323 208
323 421
323 123
323 23
324 6
324 312
324 332
324 208
324 366
324 432
324 436
324 134
324 385
325 385
325 272
325 103
325 371
325 18
325 22
325 363
325 216
325 208
326 403
326 323
326 508
326 366
326 313
326 39
326 23
326 119
326 472
327 241
327 57
327 490
327 346
327 269
327 17
327 268
327 413
327 404
328 358
328 178
328 403
328 48
328 527
328 361
328 7
328 420
328 394
329 311
329 346
329 39
329 416
329 5
329 109
329 259
329 178
329 187
330 483
330 472
330 103
330 6
330 291
330 346
330 312
330 178
330 23
331 18
331 516
331 208
331 134
331 198
331 241
331 22
331 109
331 23
332 346
332 516
332 272
332 257
332 271
332 39
332 23
332 22
332 313
333 270
333 368
333 274
333 362
333 441
333 272
333 443
333 345
333 144
334 346
334 241
334 271
334 332
334 198
334 476
334 23
334 103
334 22
335 23
335 103
335 208
335 483
335 198
335 274
335 22
335 345
335 272
336 490
336 48
336 263
336 214
336 453
336 459
336 103
336 312
336 366
337 94
337 272
337 339
337 23
337 270
337 22
337 41
337 312
337 208
338 38
338 48
338 103
338 123
338 453
338 483
338 3
338 366
338 30
339 270
339 94
339 198
339 208
339 109
339 22
339 123
339 508
339 23
340 346
340 7
340 420
340 372
340 428
340 358
340 308
340 388
340 268
341 23
341 84
341 263
341 208
341 416
341 346
341 291
341 198
341 109
342 334
342 181
342 103
342 508
342 22
342 123
342 208
342 23
342 198
343 241
343 23
343 208
343 346
343 490
343 198
343 394
343 103
343 134
344 429
344 371
344 420
344 288
344 401
344 385
344 366
344 25
344 432
345 362
345 198
345 23
345 441
345 208
345 144
345 274
345 22
345 272
346 516
346 109
346 198
346 271
346 416
346 22
346 23
346 208
346 103
347 241
347 453
347 23
347 18
347 346
347 198
347 103
347 208
347 475
348 508
348 429
348 84
348 119
348 362
348 208
348 272
348 22
348 144
349 84
349 103
349 22
349 134
349 208
349 403
349 198
349 508
349 23
350 403
350 490
350 198
350 103
350 22
350 508
350 23
350 208
350 241
351 362
351 22
351 382
351 271
351 272
351 6
351 109
351 483
351 41
352 133
352 195
352 308
352 388
352 492
352 361
352 236
352 394
352 79
353 346
353 345
353 416
353 271
353 272
353 208
353 144
353 198
353 312
354 198
354 22
354 208
354 516
354 23
354 490
354 272
354 103
354 416
355 403
355 19
355 333
355 89
355 353
355 441
355 368
355 429
355 79
356 323
356 263
356 57
356 292
356 371
356 23
356 208
356 103
356 453
357 527
357 346
357 421
357 416
357 219
357 323
357 208
357 198
357 371
358 17
358 103
358 312
358 23
358 241
358 198
358 516
358 208
358 109
359 312
359 401
359 17
359 208
359 23
359 84
359 134
359 39
359 441
360 268
360 208
360 18
360 263
360 17
360 259
360 490
360 346
360 236
361 274
361 263
361 22
361 346
361 416
361 23
361 103
361 198
361 208
362 270
362 208
362 441
362 345
362 272
362 22
362 144
362 23
362 274
363 144
363 332
363 18
363 272
363 362
363 23
363 68
363 39
363 208
364 94
364 186
364 366
364 332
364 123
364 339
364 312
364 52
364 459
365 421
365 490
365 240
365 395
365 103
365 208
365 39
365 22
365 23
366 52
366 421
366 472
366 103
366 508
366 22
366 23
366 208
366 119
367 271
367 421
367 274
367 103
367 23
367 346
367 208
367 198
367 361
368 241
368 443
368 421
368 198
368 119
368 144
368 472
368 208
368 345
369 362
369 270
369 206
369 144
369 226
369 272
369 333
369 345
369 274
370 472
370 323
370 119
370 23
370 508
370 198
370 208
370 228
370 421
371 18
371 416
371 109
371 421
371 241
371 23
371 312
371 208
371 198
372 198
372 394
372 263
372 208
372 371
372 113
372 416
372 358
372 346
373 116
373 371
373 385
373 516
373 23
373 18
373 421
373 208
373 22
374 448
374 71
374 392
374 418
374 15
374 426
374 279
374 243
374 125
375 22
375 441
375 345
375 270
375 144
375 271
375 272
375 274
375 362
376 485
376 333
376 270
376 22
376 16
376 339
376 144
376 228
376 379
377 23
377 263
377 119
377 421
377 272
377 208
377 313
377 472
377 198
378 19
378 300
378 7
378 347
378 57
378 302
378 179
378 303
378 355
379 22
379 368
379 208
379 441
379 421
379 443
379 472
379 119
379 144
380 367
380 30
380 236
380 103
380 198
380 23
380 432
380 409
380 346
381 269
381 393
381 5
381 241
381 259
381 416
381 59
381 346
381 109
382 483
382 368
382 319
382 84
382 443
382 528
382 22
382 145
382 41
383 109
383 498
383 358
383 416
383 346
383 241
383 204
383 259
383 103
384 370
384 112
384 346
384 119
384 134
384 34
384 416
384 103
384 421
385 274
385 323
385 103
385 198
385 23
385 421
385 22
385 208
385 119
386 312
386 70
386 472
386 403
386 353
386 84
386 508
386 459
386 17
387 421
387 271
387 443
387 208
387 144
387 441
387 272
387 274
387 119
388 269
388 208
388 450
388 416
388 69
388 394
388 308
388 346
388 109
389 109
389 349
389 432
389 187
389 208
389 23
389 346
389 457
389 263
390 436
390 371
390 401
390 354
390 208
390 300
390 240
390 30
390 429
391 208
391 332
391 22
391 395
391 313
391 516
391 18
391 103
391 23
392 457
392 57
392 269
392 349
392 318
392 346
392 308
392 69
392 134
393 416
393 241
393 516
393 476
393 198
393 291
393 22
393 208
393 103
394 476
394 350
394 208
394 219
394 346
394 134
394 416
394 241
394 198
395 271
395 346
395 332
395 421
395 22
395 490
395 257
395 23
395 181
396 25
396 288
396 445
396 257
396 238
396 313
396 279
396 236
396 346
397 94
397 257
397 16
397 255
397 119
397 368
397 443
397 333
397 144
398 22
398 345
398 443
398 94
398 119
398 272
398 441
398 395
398 144
399 406
399 490
399 255
399 526
399 263
399 67
399 186
399 300
399 444
400 23
400 103
400 274
400 312
400 198
400 219
400 208
400 84
400 263
401 84
401 198
401 123
401 312
401 22
401 208
401 103
401 23
401 134
402 230
402 328
402 179
402 308
402 158
402 378
402 317
402 303
402 407
403 109
403 6
403 350
403 416
403 508
403 23
403 208
403 84
403 22
404 241
404 413
404 109
404 208
404 23
404 516
404 346
404 103
404 198
405 63
405 340
405 288
405 48
405 40
405 475
405 279
405 283
405 396
406 57
406 103
406 416
406 109
406 346
406 208
406 23
406 5
406 259
407 346
407 416
407 67
407 394
407 204
407 241
407 269
407 230
407 236
408 409
408 371
408 23
408 208
408 472
408 313
408 178
408 516
408 413
409 516
409 241
409 346
409 198
409 22
409 23
409 313
409 103
409 312
410 453
410 366
410 52
410 103
410 23
410 22
410 457
410 198
410 181
411 319
411 148
411 334
411 472
411 44
411 16
411 410
411 377
411 291
412 383
412 173
412 258
412 360
412 186
412 446
412 47
412 176
412 236
413 416
413 516
413 404
413 208
413 23
413 346
413 312
413 109
413 313
414 364
414 7
414 113
414 359
414 360
414 71
414 17
414 13
414 57
415 59
415 258
415 424
415 445
415 238
415 346
415 206
415 280
415 375
416 312
416 490
416 22
416 23
416 346
416 208
416 198
416 103
416 241
417 490
417 17
417 7
417 208
417 268
417 346
417 394
417 241
417 416
418 18
418 268
418 313
418 312
418 70
418 134
418 409
418 17
418 516
419 198
419 263
419 23
419 22
419 52
419 288
419 385
419 103
419 208
420 208
420 134
420 22
420 109
420 416
420 23
420 103
420 516
420 241
421 272
421 263
421 274
421 323
421 208
421 198
421 472
421 23
421 119
422 371
422 527
422 208
422 490
422 18
422 416
422 219
422 421
422 346
423 272
423 148
423 208
423 441
423 313
423 354
423 346
423 119
423 186
424 279
424 346
424 238
424 208
424 39
424 123
424 73
424 429
424 354
425 353
425 333
425 368
425 274
425 144
425 443
425 41
425 362
425 472
426 103
426 453
426 263
426 457
426 198
426 421
426 323
426 181
426 208
427 472
427 354
427 238
427 59
427 240
427 208
427 23
427 421
427 103
428 269
428 495
428 236
428 187
428 308
428 421
428 346
428 34
428 388
429 354
429 144
429 272
429 421
429 94
429 441
429 208
429 119
429 345
430 178
430 472
430 22
430 52
430 103
430 346
430 214
430 291
430 312
431 382
431 375
431 91
431 48
431 451
431 2
431 92
431 429
431 216
432 103
432 198
432 366
432 288
432 371
432 457
432 23
432 385
432 421
433 358
433 16
433 421
433 323
433 400
433 186
433 41
433 55
433 263
434 312
434 22
434 94
434 272
434 270
434 441
434 119
434 271
434 313
435 416
435 394
435 25
435 271
435 103
435 241
435 23
435 413
435 346
436 23
436 259
436 5
436 18
436 331
436 312
436 257
436 208
436 516
437 144
437 272
437 333
437 373
437 19
437 274
437 345
437 516
437 441
438 44
438 353
438 228
438 421
438 208
438 109
438 339
438 94
438 508
439 123
439 39
439 119
439 198
439 22
439 421
439 18
439 103
439 459
440 354
440 187
440 312
440 263
440 198
440 382
440 300
440 274
440 416
441 274
441 22
441 345
441 271
441 208
441 23
441 119
441 272
441 144
442 443
442 22
442 144
442 362
442 441
442 272
442 345
442 270
442 274
443 472
443 368
443 362
443 333
443 345
443 144
443 274
443 272
443 441
444 269
444 259
444 312
444 67
444 103
444 472
444 490
444 121
444 300
445 346
445 274
445 119
445 19
445 208
445 421
445 345
445 272
445 441
446 241
446 271
446 435
446 103
446 346
446 204
446 259
446 25
446 73
447 73
447 208
447 291
447 198
447 457
447 22
447 52
447 23
447 103
448 22
448 416
448 516
448 181
448 23
448 208
448 346
448 18
448 476
449 209
449 472
449 214
449 478
449 235
449 115
449 393
449 483
449 178
450 109
450 39
450 79
450 208
450 421
450 394
450 416
450 187
450 368
451 5
451 483
451 516
451 19
451 178
451 346
451 103
451 84
451 259
452 483
452 23
452 208
452 67
452 490
452 22
452 259
452 186
452 416
453 198
453 516
453 181
453 409
453 52
453 22
453 103
453 457
453 23
454 413
454 483
454 109
454 394
454 73
454 79
454 259
454 334
454 241
455 123
455 263
455 173
455 187
455 490
455 103
455 349
455 394
455 48
456 272
456 346
456 208
456 436
456 395
456 345
456 23
456 22
456 516
457 134
457 103
457 208
457 23
457 22
457 198
457 181
457 52
457 18
458 490
458 416
458 39
458 109
458 361
458 23
458 346
458 208
458 103
459 94
459 41
459 123
459 339
459 22
459 312
459 23
459 198
459 208
460 444
460 300
460 153
460 196
460 489
460 67
460 47
460 269
460 468
461 361
461 103
461 198
461 291
461 312
461 178
461 472
461 214
461 274
462 123
462 198
462 178
462 312
462 508
462 41
462 528
462 529
462 483
463 269
463 334
463 219
463 44
463 187
463 204
463 483
463 259
463 109
464 208
464 490
464 291
464 508
464 103
464 339
464 23
464 241
464 123
465 472
465 235
465 48
465 475
465 483
465 528
465 176
465 266
465 353
466 323
466 123
466 361
466 103
466 354
466 393
466 476
466 416
466 48
467 430
467 56
467 46
467 475
467 73
467 483
467 103
467 453
467 284
468 421
468 22
468 269
468 208
468 219
468 241
468 103
468 476
468 187
469 15
469 18
469 403
469 347
469 269
469 406
469 263
469 474
469 186
470 198
470 361
470 421
470 346
470 334
470 109
470 241
470 103
470 23
471 424
471 441
471 252
471 272
471 251
471 395
471 206
471 238
471 445
472 274
472 312
472 208
472 421
472 103
472 23
472 219
472 323
472 198
473 208
473 388
473 109
473 368
473 346
473 450
473 79
473 394
473 219
474 476
474 421
474 436
474 144
474 403
474 186
474 485
474 84
474 208
475 483
475 28
475 259
475 240
475 23
475 263
475 516
475 198
475 103
476 334
476 52
476 134
476 198
476 241
476 208
476 22
476 103
476 23
477 44
477 2
477 330
477 341
477 204
477 205
477 56
477 383
477 498
478 123
478 334
478 349
478 103
478 6
478 403
478 483
478 178
478 136
479 208
479 22
479 241
479 416
479 103
479 23
479 198
479 508
479 403
480 363
480 240
480 470
480 420
480 104
480 351
480 311
480 384
480 334
481 181
481 18
481 395
481 112
481 331
481 421
481 362
481 257
481 134
482 245
482 361
482 466
482 322
482 483
482 230
482 67
482 381
482 382
483 28
483 109
483 271
483 240
483 123
483 198
483 23
483 103
483 22
484 257
484 123
484 490
484 361
484 208
484 22
484 103
484 476
484 354
485 119
485 186
485 94
485 508
485 421
485 323
485 228
485 16
485 339
486 123
486 427
486 490
486 240
486 103
486 22
486 259
486 121
486 334
487 416
487 403
487 22
487 17
487 527
487 420
487 18
487 134
487 208
488 79
488 269
488 41
488 103
488 240
488 483
488 109
488 48
488 121
489 134
489 236
489 346
489 361
489 416
489 103
489 495
489 530
489 219
490 313
490 109
490 416
490 198
490 103
490 241
490 22
490 208
490 23
491 236
491 187
491 103
491 483
491 37
491 498
491 458
491 484
491 475
492 259
492 187
492 352
492 103
492 269
492 361
492 109
492 346
492 530
493 333
493 84
493 483
493 198
493 335
493 22
493 339
493 472
493 516
494 334
494 502
494 422
494 300
494 128
494 261
494 389
494 187
494 50
495 22
495 416
495 236
495 23
495 476
495 198
495 346
495 208
495 103
496 204
496 192
496 56
496 284
496 80
496 430
496 483
496 6
496 103
497 436
497 15
497 459
497 312
497 219
497 527
497 103
497 84
497 263
498 198
498 527
498 291
498 23
498 103
498 346
498 241
498 208
498 416
499 103
499 495
499 394
499 259
499 475
499 7
499 67
499 187
499 219
500 311
500 52
500 6
500 103
500 334
500 315
500 409
500 80
500 453
501 443
501 176
501 353
501 454
501 436
501 19
501 144
501 89
501 333
502 483
502 18
502 476
502 187
502 495
502 103
502 67
502 52
502 475
503 445
503 22
503 346
503 288
503 208
503 263
503 457
503 181
503 23
504 381
504 70
504 69
504 495
504 268
504 12
504 371
504 395
504 346
505 429
505 397
505 228
505 264
505 160
505 443
505 333
505 321
505 445
506 33
506 385
506 272
506 345
506 366
506 362
506 443
506 429
506 333
507 6
507 240
507 483
507 123
507 476
507 459
507 103
507 291
507 178
508 178
508 339
508 103
508 350
508 119
508 198
508 23
508 208
508 22
509 35
509 476
509 403
509 421
509 23
509 198
509 350
509 208
509 508
510 144
510 113
510 269
510 371
510 112
510 241
510 208
510 416
510 17
511 103
511 495
511 476
511 166
511 334
511 67
511 269
511 502
511 514
512 416
512 208
512 271
512 441
512 22
512 94
512 272
512 345
512 346
513 385
513 323
513 300
513 416
513 371
513 208
513 346
513 394
513 187
514 109
514 219
514 23
514 416
514 269
514 198
514 241
514 208
514 103
515 198
515 103
515 16
515 18
515 119
515 208
515 22
515 84
515 350
516 28
516 134
516 271
516 22
516 208
516 103
516 198
516 23
516 241
517 349
517 23
517 508
517 263
517 394
517 346
517 208
517 495
517 103
518 458
518 236
518 103
518 527
518 459
518 312
518 371
518 429
518 354
519 151
519 498
519 476
519 48
519 300
519 204
519 528
519 334
519 15
520 208
520 346
520 508
520 23
520 22
520 123
520 241
520 198
520 103
521 134
521 103
521 208
521 331
521 269
521 23
521 109
521 241
521 346
522 198
522 483
522 103
522 339
522 22
522 334
522 410
522 123
522 508
523 323
523 22
523 186
523 208
523 300
523 490
523 134
523 30
523 18
524 53
524 111
524 89
524 224
524 226
524 267
524 245
524 501
524 283
525 373
525 484
525 421
525 385
525 181
525 432
525 366
525 419
525 288
526 5
526 346
526 476
526 103
526 403
526 241
526 23
526 22
526 490
527 241
527 18
527 263
527 22
527 198
527 421
527 208
527 103
527 23
528 119
528 291
528 22
528 79
528 103
528 476
528 529
528 319
528 368
529 393
529 528
529 119
529 339
529 291
529 350
529 198
529 22
529 103
530 394
530 346
530 187
530 393
530 416
530 476
530 219
530 103
530 79
531 323
531 334
531 495
531 453
531 483
531 263
531 508
531 103
531 67
