0 578
0 265
0 300
0 310
0 394
0 765
0 298
0 256
0 5
0 229
0 193
0 227
0 225
1 193
1 8
1 298
1 505
1 398
1 758
1 269
1 358
1 788
1 316
1 310
1 44
1 741
2 368
2 815
2 51
2 15
2 741
2 398
2 101
2 277
2 764
2 70
2 353
2 65
2 508
3 485
3 220
3 345
3 741
3 222
3 383
3 173
3 353
3 557
3 739
3 296
3 764
3 304
4 298
4 488
4 56
4 791
4 58
4 65
4 44
4 54
4 741
4 398
4 682
4 637
4 277
5 794
5 15
5 578
5 291
5 744
5 682
5 44
5 740
5 9
5 298
5 505
5 316
5 788
6 764
6 44
6 269
6 15
6 505
6 398
6 45
6 173
6 578
6 171
6 414
6 368
7 204
7 788
7 213
7 310
7 226
7 304
7 764
7 671
7 412
7 201
7 812
7 220
7 285
8 578
8 488
8 791
8 277
8 573
8 209
8 298
8 744
8 682
8 44
8 398
8 316
8 740
9 671
9 791
9 578
9 210
9 45
9 573
9 298
9 269
9 310
9 788
9 207
9 193
10 220
10 182
10 365
10 550
10 551
10 292
10 368
10 361
10 141
10 412
10 414
10 815
11 551
11 97
11 412
11 387
11 146
11 247
11 199
11 211
11 423
11 220
11 304
11 141
12 44
12 398
12 744
12 805
12 294
12 146
12 582
12 245
12 741
12 171
13 505
13 298
13 310
13 316
13 758
13 44
13 127
13 277
13 573
13 764
13 741
13 368
13 398
14 15
14 61
14 272
14 291
14 225
14 741
14 35
14 809
14 505
14 37
14 316
14 788
15 44
15 682
15 310
15 744
15 717
15 398
15 488
15 278
15 298
15 269
15 741
15 277
16 793
16 331
16 371
16 26
16 414
16 22
16 201
16 365
16 48
16 220
16 655
16 412
16 790
17 791
17 582
17 272
17 741
17 277
17 316
17 92
17 398
17 298
17 744
17 127
18 204
18 406
18 812
18 426
18 227
18 394
18 256
18 229
18 207
18 310
18 298
19 382
19 316
19 339
19 422
19 368
19 406
19 201
19 794
19 427
19 374
19 619
19 578
20 578
20 484
20 758
20 298
20 269
20 412
20 417
20 368
20 310
20 212
20 717
21 46
21 564
21 333
21 419
21 401
21 63
21 225
21 513
21 563
21 258
21 363
21 272
21 569
22 285
22 269
22 48
22 267
22 671
22 45
22 578
22 213
22 212
22 291
22 201
22 179
22 298
23 634
23 382
23 256
23 396
23 225
23 415
23 564
23 31
23 272
23 37
23 35
23 61
23 367
24 298
24 212
24 578
24 285
24 179
24 227
24 433
24 382
24 213
24 765
25 277
25 791
25 58
25 249
25 682
25 602
25 101
25 582
25 316
25 637
25 764
25 741
26 368
26 35
26 220
26 43
26 229
26 655
26 412
26 179
26 227
26 382
26 201
27 764
27 367
27 601
27 266
27 68
27 225
27 323
27 199
27 404
27 339
27 405
27 368
27 377
28 671
28 45
28 364
28 225
28 37
28 809
28 291
28 765
28 272
28 35
29 250
29 582
29 682
29 367
29 573
29 521
29 33
29 37
29 637
29 339
29 368
29 741
29 101
30 173
30 720
30 56
30 269
30 573
30 193
30 45
30 271
30 758
30 207
30 763
30 298
30 310
31 56
31 265
31 227
31 765
31 339
31 256
31 370
31 367
31 415
31 225
31 366
32 339
32 415
32 256
32 552
32 227
32 225
32 367
32 396
32 634
33 37
33 488
33 250
33 61
33 225
33 227
33 298
33 339
33 368
33 370
33 229
34 45
34 578
34 655
34 38
34 227
34 637
34 225
34 368
34 201
34 48
34 199
35 765
35 367
35 225
35 600
35 227
35 256
35 300
35 809
35 382
35 61
35 753
35 37
36 304
36 412
36 43
36 569
36 364
36 225
36 196
36 201
36 217
36 362
37 316
37 127
37 582
37 310
37 382
37 300
37 272
37 394
37 61
37 809
37 256
38 298
38 412
38 791
38 573
38 54
38 56
38 193
38 310
38 316
38 578
38 398
38 682
39 249
39 226
39 225
39 310
39 163
39 298
39 48
39 309
39 258
40 211
40 266
40 276
40 68
40 743
40 571
40 220
40 356
40 225
40 386
40 259
40 202
40 133
41 146
41 225
41 201
41 145
41 508
41 717
41 805
41 809
41 741
42 564
42 145
42 409
42 267
42 220
42 100
42 199
42 563
42 225
42 272
42 412
42 401
43 213
43 791
43 204
43 298
43 45
43 227
43 803
43 578
43 310
43 229
43 812
44 193
44 488
44 316
44 573
44 758
44 741
44 65
44 791
44 277
44 398
44 127
44 54
44 298
45 155
45 210
45 763
45 310
45 788
45 207
45 271
45 671
45 758
45 578
46 298
46 444
46 333
46 717
46 285
46 682
46 582
46 764
46 578
46 269
46 258
46 310
47 525
47 220
47 363
47 264
47 502
47 357
47 225
47 551
47 337
47 211
47 598
48 179
48 788
48 682
48 316
48 310
48 433
48 542
48 414
48 619
48 298
49 222
49 427
49 57
49 551
49 414
49 585
49 413
49 412
49 141
49 146
49 154
49 201
49 402
50 76
50 65
50 741
50 298
50 127
50 398
50 717
50 277
50 582
50 58
50 101
50 284
51 127
51 58
51 597
51 488
51 758
51 717
51 54
51 76
51 277
51 398
51 65
51 741
52 70
52 182
52 413
52 517
52 402
52 400
52 551
52 383
52 266
52 588
52 592
52 101
52 363
53 270
53 401
53 255
53 567
53 368
53 394
53 63
53 739
53 379
53 398
53 348
53 521
53 741
54 298
54 65
54 277
54 758
54 58
54 310
54 127
54 488
54 791
54 741
54 398
55 310
55 739
55 602
55 262
55 578
55 743
55 741
55 685
55 368
55 398
55 267
56 791
56 65
56 265
56 127
56 298
56 256
56 760
56 398
56 444
56 682
56 488
56 277
57 739
57 374
57 63
57 262
57 592
57 637
57 201
57 101
57 353
57 741
57 361
57 255
58 316
58 127
58 298
58 682
58 269
58 310
58 277
58 488
58 398
58 791
58 65
59 220
59 262
59 597
59 398
59 383
59 363
59 294
59 741
59 348
59 739
59 255
59 101
59 70
60 582
60 394
60 255
60 597
60 294
60 508
60 488
60 643
60 70
60 398
60 726
60 741
61 582
61 394
61 809
61 127
61 366
61 726
61 398
61 270
61 300
61 370
61 256
62 101
62 741
62 368
62 717
62 76
62 277
62 488
62 398
62 65
62 366
63 744
63 637
63 488
63 791
63 277
63 597
63 65
63 741
63 361
63 101
63 717
63 398
64 573
64 398
64 209
64 758
64 682
64 764
64 316
64 791
64 285
64 578
64 788
64 298
64 310
65 290
65 791
65 284
65 76
65 488
65 127
65 398
65 741
65 277
66 101
66 764
66 353
66 262
66 508
66 294
66 70
66 741
66 643
67 726
67 150
67 760
67 764
67 682
67 117
67 741
67 758
67 763
67 643
68 726
68 258
68 154
68 225
68 398
68 741
68 758
68 764
68 368
68 220
68 412
68 171
69 764
69 165
69 353
69 739
69 70
69 363
69 294
69 76
69 741
69 398
69 255
70 637
70 374
70 294
70 255
70 101
70 597
70 353
70 398
70 741
71 739
71 597
71 637
71 296
71 398
71 741
71 758
71 292
71 294
71 101
71 764
72 394
72 741
72 398
72 758
72 444
72 298
72 765
72 521
72 791
72 127
73 702
73 255
73 324
73 220
73 313
73 696
73 262
73 268
73 274
73 479
73 383
73 685
74 339
74 101
74 573
74 398
74 602
74 637
74 597
74 361
74 521
74 764
74 741
75 220
75 296
75 294
75 379
75 255
75 759
75 597
75 399
75 363
75 739
75 741
75 348
76 573
76 284
76 791
76 741
76 488
76 298
76 277
76 290
76 398
77 398
77 488
77 682
77 764
77 763
77 760
77 758
77 741
77 277
78 717
78 758
78 294
78 488
78 398
78 682
78 394
78 741
78 101
79 754
79 687
79 409
79 385
79 90
79 525
79 496
79 363
79 220
79 103
79 550
79 551
79 425
80 89
80 220
80 502
80 190
80 529
80 83
80 167
80 383
80 344
80 347
80 356
80 418
81 269
81 226
81 674
81 741
81 222
81 398
81 399
81 758
81 236
81 201
81 220
81 209
81 581
82 258
82 551
82 484
82 249
82 154
82 173
82 368
82 201
82 220
82 741
82 262
82 323
82 225
83 294
83 602
83 122
83 741
83 485
83 690
83 398
83 101
83 88
83 739
83 597
83 353
84 225
84 278
84 744
84 94
84 101
84 637
84 374
84 582
84 621
84 466
85 262
85 370
85 394
85 367
85 508
85 809
85 256
85 94
85 270
85 714
85 101
86 309
86 811
86 488
86 741
86 101
86 374
86 277
86 315
86 94
86 794
86 92
86 370
86 582
87 405
87 100
87 668
87 226
87 353
87 88
87 466
87 396
87 189
88 815
88 717
88 101
88 201
88 220
88 222
88 225
88 764
88 375
88 741
88 739
88 294
89 470
89 227
89 379
89 794
89 373
89 278
89 394
89 398
89 521
89 760
89 508
89 758
90 717
90 94
90 398
90 637
90 368
90 366
90 272
90 101
90 323
90 401
90 225
91 739
91 368
91 92
91 366
91 682
91 758
91 563
91 764
91 394
91 101
91 374
91 398
92 300
92 717
92 505
92 269
92 374
92 682
92 488
92 791
92 101
92 127
92 398
92 277
93 758
93 597
93 277
93 505
93 101
93 682
93 741
93 488
93 271
93 398
94 637
94 370
94 272
94 401
94 508
94 398
94 277
94 366
94 101
94 726
94 374
94 582
95 369
95 402
95 690
95 101
95 717
95 258
95 764
95 145
95 398
95 134
95 122
96 262
96 101
96 398
96 488
96 741
96 374
96 551
96 717
96 255
97 201
97 419
97 269
97 508
97 476
97 225
97 222
97 101
97 717
97 690
98 791
98 143
98 741
98 508
98 101
98 760
98 277
98 597
98 398
99 226
99 258
99 399
99 323
99 187
99 798
99 267
99 266
99 335
99 220
99 796
99 410
100 145
100 764
100 739
100 717
100 682
100 401
100 294
100 416
100 419
100 225
100 101
100 353
101 361
101 682
101 758
101 488
101 277
101 637
101 398
101 741
101 717
102 390
102 686
102 382
102 379
102 368
102 377
102 370
102 227
102 225
102 415
102 696
102 757
103 380
103 413
103 220
103 551
103 425
103 146
103 476
103 462
103 141
103 592
104 130
104 488
104 764
104 398
104 117
104 639
104 300
104 741
104 444
104 111
104 127
104 316
105 726
105 267
105 671
105 292
105 127
105 374
105 220
105 226
105 626
105 741
105 125
105 112
105 296
106 291
106 382
106 794
106 300
106 316
106 135
106 227
106 256
106 394
106 406
106 272
106 278
106 682
107 353
107 272
107 616
107 125
107 682
107 130
107 760
107 763
107 296
107 739
107 764
108 348
108 296
108 624
108 220
108 226
108 199
108 304
108 496
108 739
108 425
108 112
108 759
109 398
109 412
109 581
109 255
109 258
109 399
109 764
109 383
109 112
109 741
109 346
109 304
109 348
110 384
110 309
110 308
110 296
110 739
110 280
110 399
110 264
110 544
110 363
110 346
110 132
110 685
111 505
111 117
111 488
111 398
111 316
111 444
111 127
111 791
111 310
111 300
111 298
111 290
112 394
112 427
112 125
112 374
112 310
112 127
112 117
112 764
112 682
112 406
112 398
112 741
113 148
113 414
113 400
113 225
113 758
113 308
113 133
113 226
113 409
113 309
113 268
113 413
114 582
114 127
114 717
114 764
114 374
114 444
114 315
114 135
114 741
114 300
114 277
114 130
114 298
115 125
115 122
115 278
115 272
115 398
115 270
115 741
115 127
115 394
116 304
116 125
116 685
116 255
116 262
116 348
116 741
116 739
116 296
116 294
116 288
116 759
117 193
117 374
117 427
117 300
117 791
117 277
117 682
117 444
117 310
117 127
117 316
117 398
118 427
118 278
118 444
118 193
118 272
118 682
118 127
118 135
118 300
118 125
118 398
119 811
119 303
119 290
119 791
119 682
119 127
119 130
119 310
119 300
119 316
119 788
119 135
119 794
120 384
120 255
120 276
120 296
120 272
120 764
120 268
120 324
120 385
120 294
120 723
120 220
120 132
121 278
121 127
121 597
121 682
121 444
121 399
121 741
121 398
121 374
121 582
122 505
122 597
122 637
122 277
122 262
122 741
122 127
122 398
122 717
122 294
123 316
123 764
123 147
123 249
123 398
123 394
123 310
123 426
123 444
123 125
123 422
123 269
124 220
124 759
124 269
124 296
124 255
124 720
124 383
124 130
124 739
124 764
124 741
124 358
125 310
125 300
125 135
125 298
125 741
125 290
125 744
125 398
125 127
125 374
125 444
125 316
125 682
126 794
126 624
126 436
126 303
126 265
126 272
126 309
126 403
126 433
126 444
126 267
126 291
126 135
127 505
127 682
127 300
127 488
127 791
127 298
127 277
127 444
127 316
127 398
128 400
128 585
128 132
128 376
128 384
128 220
128 422
128 201
128 346
128 294
128 405
129 284
129 682
129 132
129 602
129 741
129 758
129 764
129 637
130 290
130 291
130 300
130 788
130 298
130 488
130 682
130 277
130 135
130 505
130 316
130 444
131 597
131 374
131 375
131 626
131 741
131 759
131 255
131 315
131 602
132 412
132 309
132 741
132 758
132 267
132 268
132 269
132 764
132 682
132 630
132 308
132 374
133 309
133 294
133 245
133 741
133 278
133 298
133 764
133 269
133 621
133 272
134 621
134 278
134 744
134 741
134 374
134 398
134 717
135 740
135 291
135 278
135 316
135 277
135 300
135 505
135 682
135 444
135 310
135 298
136 278
136 398
136 412
136 717
136 427
136 505
136 758
136 444
136 316
136 682
136 741
136 764
137 578
137 358
137 812
137 193
137 444
137 310
137 788
137 284
137 231
137 741
137 249
137 316
137 764
138 220
138 226
138 292
138 199
138 165
138 250
138 148
138 353
138 222
138 209
138 146
138 661
139 280
139 196
139 224
139 249
139 264
139 304
139 231
139 217
139 163
139 234
139 764
139 220
139 765
140 179
140 253
140 412
140 173
140 168
140 222
140 414
140 231
140 764
140 220
140 172
140 154
140 225
141 262
141 363
141 201
141 222
141 508
141 551
141 294
141 717
141 419
141 145
141 741
141 146
142 426
142 248
142 221
142 310
142 205
142 218
142 179
142 174
142 153
142 764
142 237
143 269
143 298
143 310
143 277
143 573
143 741
143 210
143 193
143 758
143 398
143 209
144 237
144 155
144 763
144 271
144 172
144 183
144 682
144 760
144 488
144 210
144 193
145 427
145 278
145 258
145 249
145 582
145 597
145 146
145 717
145 398
145 269
145 764
145 741
146 582
146 717
146 222
146 183
146 741
146 210
146 209
146 277
146 225
146 398
146 764
146 245
146 269
147 277
147 578
147 193
147 444
147 316
147 788
147 758
147 210
147 310
147 269
147 249
147 298
148 398
148 201
148 298
148 245
148 578
148 758
148 277
148 788
148 269
148 374
148 210
148 209
148 682
149 245
149 210
149 222
149 225
149 310
149 154
149 741
149 362
149 269
149 249
149 764
149 196
150 682
150 193
150 154
150 398
150 298
150 277
150 488
150 183
150 172
150 763
151 277
151 204
151 444
151 298
151 269
151 250
151 225
151 210
151 209
151 717
151 741
152 245
152 199
152 231
152 165
152 201
152 220
152 760
152 257
152 154
152 172
152 210
153 210
153 412
153 212
153 249
153 231
153 179
153 226
153 225
153 222
153 764
153 199
153 174
154 764
154 310
154 227
154 222
154 210
154 209
154 207
154 398
154 201
154 193
154 173
154 172
155 173
155 578
155 277
155 310
155 298
155 271
155 210
155 209
155 207
155 193
155 183
156 210
156 398
156 196
156 245
156 368
156 764
156 209
156 269
156 284
156 165
156 171
156 741
157 290
157 278
157 758
157 764
157 250
157 760
157 682
157 218
157 269
157 298
157 193
157 488
157 763
158 195
158 178
158 219
158 763
158 237
158 318
158 173
158 172
158 221
158 271
159 172
159 204
159 199
159 179
159 578
159 764
159 763
159 741
159 210
160 444
160 172
160 812
160 210
160 318
160 298
160 194
160 183
160 760
160 271
160 193
161 308
161 412
161 398
161 172
161 225
161 209
161 196
161 741
161 368
161 758
161 764
162 217
162 225
162 258
162 764
162 422
162 201
162 412
162 220
162 222
162 450
163 758
163 218
163 310
163 205
163 209
163 207
163 237
163 210
163 173
163 193
164 309
164 484
164 245
164 183
164 204
164 236
164 165
164 227
164 249
164 226
164 210
164 298
164 201
165 573
165 284
165 210
165 368
165 245
165 741
165 398
165 209
165 269
165 758
166 387
166 182
166 220
166 201
166 588
166 199
166 222
166 551
166 525
166 592
167 764
167 258
167 222
167 226
167 412
167 304
167 249
167 220
167 199
167 348
168 212
168 271
168 194
168 269
168 298
168 578
168 210
168 193
168 172
168 179
169 589
169 346
169 203
169 226
169 236
169 239
169 363
169 206
169 196
170 181
170 346
170 211
170 264
170 239
170 296
170 235
170 208
170 308
170 206
170 201
170 220
171 271
171 758
171 741
171 398
171 763
171 209
171 210
171 298
171 194
171 193
172 758
172 173
172 183
172 193
172 298
172 207
172 209
172 210
172 271
172 318
173 573
173 269
173 210
173 298
173 758
173 201
173 209
173 310
173 207
173 398
173 193
174 213
174 212
174 210
174 209
174 207
174 218
174 205
174 204
174 310
174 179
175 225
175 422
175 222
175 196
175 199
175 239
175 304
175 201
175 412
175 220
175 226
176 805
176 294
176 368
176 292
176 592
176 182
176 226
176 220
176 201
176 741
176 196
177 551
177 637
177 741
177 201
177 582
177 788
177 196
177 717
177 398
177 284
177 226
177 764
178 205
178 183
178 227
178 269
178 220
178 209
178 433
178 222
178 258
178 340
178 218
178 226
179 682
179 269
179 218
179 227
179 433
179 578
179 213
179 212
179 210
179 298
179 310
179 406
179 788
180 346
180 365
180 581
180 764
180 249
180 226
180 258
180 220
181 256
181 249
181 262
181 603
181 229
181 201
181 382
181 220
181 366
181 651
181 765
181 227
181 206
182 225
182 245
182 414
182 220
182 398
182 741
182 201
182 764
182 222
183 207
183 269
183 398
183 316
183 488
183 209
183 444
183 210
183 193
183 298
183 277
184 764
184 758
184 196
184 209
184 201
184 225
184 249
184 231
185 396
185 308
185 227
185 377
185 339
185 405
185 225
185 415
185 390
185 370
185 366
186 316
186 398
186 791
186 271
186 193
186 758
186 194
186 284
186 682
186 505
186 298
186 209
187 600
187 290
187 298
187 316
187 426
187 201
187 444
187 671
187 269
187 250
187 398
188 220
188 229
188 282
188 212
188 222
188 810
188 225
188 226
188 286
188 217
189 741
189 225
189 764
189 199
189 508
189 643
190 370
190 196
190 368
190 209
190 250
190 225
190 201
191 255
191 739
191 387
191 741
191 225
191 383
191 199
191 220
191 222
192 258
192 661
192 228
192 414
192 356
192 201
192 220
193 227
193 682
193 791
193 209
193 788
193 316
193 310
193 298
193 398
193 207
193 210
194 398
194 212
194 209
194 207
194 271
194 791
194 788
194 210
194 298
195 643
195 271
195 257
195 302
195 763
195 758
195 781
195 218
195 760
195 318
196 250
196 222
196 210
196 269
196 209
196 398
196 207
196 201
196 427
196 310
196 249
197 412
197 236
197 227
197 387
197 223
197 225
197 258
197 226
197 222
198 217
198 220
198 203
198 201
198 226
198 268
199 551
199 398
199 368
199 427
199 412
199 764
199 225
199 212
199 222
199 204
199 741
199 717
200 291
200 764
200 444
200 237
200 248
200 210
200 204
200 212
200 205
200 218
200 763
201 227
201 207
201 209
201 788
201 619
201 310
201 406
201 398
201 427
201 249
201 374
202 209
202 216
202 356
202 236
202 231
202 206
202 225
202 390
202 226
202 220
203 368
203 758
203 258
203 225
203 741
203 764
203 268
204 269
204 218
204 207
204 212
204 298
204 444
204 210
204 277
204 310
204 625
205 316
205 271
205 310
205 212
205 207
205 788
205 248
205 218
205 237
205 210
206 368
206 308
206 225
206 262
206 222
206 655
206 220
207 578
207 788
207 298
207 791
207 398
207 277
207 210
207 310
208 227
208 274
208 220
208 222
208 225
208 226
208 412
208 414
209 578
209 788
209 310
209 488
209 250
209 210
209 398
209 298
209 269
209 277
209 791
210 269
210 578
210 398
210 788
210 298
210 444
210 277
211 258
211 225
211 247
211 412
211 226
211 222
211 220
212 578
212 213
212 298
212 788
212 310
212 265
212 444
213 316
213 285
213 788
213 433
213 248
213 578
213 310
213 406
214 409
214 225
214 401
214 258
214 226
214 220
214 414
214 422
215 643
215 302
215 763
215 257
215 219
215 760
215 645
215 668
216 368
216 682
216 398
216 269
216 298
216 390
216 366
216 227
217 310
217 433
217 285
217 788
217 812
217 578
218 298
218 269
218 316
218 682
218 310
218 398
219 805
219 296
219 764
219 225
219 231
219 228
219 760
219 220
220 294
220 226
220 231
220 227
220 222
220 398
220 741
220 764
220 557
220 249
221 237
221 231
221 763
221 764
221 248
221 758
222 310
222 427
222 758
222 398
222 227
222 250
222 764
222 249
222 225
223 225
224 379
224 249
224 671
224 542
224 765
224 229
224 227
224 225
224 258
225 398
225 310
225 339
225 366
225 227
225 229
225 764
225 758
225 269
226 269
226 309
226 484
226 741
226 671
226 249
226 398
226 582
226 298
226 764
226 258
226 412
227 298
227 256
227 291
227 310
227 316
227 382
227 394
227 398
227 415
227 229
228 258
228 292
228 414
229 444
229 298
229 300
229 310
229 256
229 488
230 427
230 671
230 551
230 398
230 422
230 363
230 764
230 258
231 298
231 310
231 758
231 249
232 353
232 739
232 368
232 741
232 532
232 637
232 245
232 255
232 398
232 294
232 758
233 764
233 292
233 245
233 387
233 508
233 419
234 398
234 249
234 764
234 237
235 414
235 239
235 304
235 581
236 269
236 245
236 368
236 741
236 398
236 250
236 242
237 788
237 763
237 248
238 788
238 398
238 277
238 271
238 758
238 250
239 296
239 262
239 764
239 414
239 323
239 368
240 433
240 412
240 245
240 713
240 285
240 248
241 252
241 587
241 589
241 251
241 612
241 266
242 379
242 398
242 250
242 578
242 249
243 764
243 310
243 250
243 508
243 249
243 398
244 412
244 422
244 258
245 374
245 791
245 298
245 758
245 269
245 398
245 741
245 277
245 250
246 374
246 791
246 619
246 398
246 744
246 298
246 250
247 398
247 412
247 368
248 310
248 298
248 812
248 285
248 788
249 277
249 741
249 758
249 290
249 764
249 298
249 398
249 406
249 310
249 316
249 444
250 374
250 682
250 298
250 488
250 269
250 277
250 398
251 671
251 310
251 398
251 269
252 412
252 391
252 551
252 387
252 363
253 427
253 505
253 398
253 358
253 414
253 551
253 532
254 308
254 345
254 728
254 588
254 313
254 383
254 296
254 687
254 698
254 262
254 266
254 679
254 363
255 284
255 739
255 294
255 277
255 764
255 637
255 741
255 398
255 597
255 758
256 488
256 278
256 270
256 366
256 277
256 444
256 265
256 765
256 298
256 300
256 394
257 763
257 294
257 739
257 760
257 741
257 508
257 643
257 353
258 284
258 671
258 682
258 758
258 272
258 398
258 298
258 764
258 269
258 316
258 444
258 291
259 298
259 412
259 308
259 303
259 309
259 266
259 267
259 272
259 765
259 286
259 285
260 262
260 394
260 300
260 278
260 309
260 272
260 270
260 265
260 298
260 366
261 277
261 744
261 269
261 444
261 298
261 488
261 398
261 278
261 290
261 309
261 272
262 758
262 277
262 505
262 637
262 597
262 398
262 682
262 294
262 368
262 717
262 764
262 741
263 366
263 276
263 264
263 288
263 272
263 270
263 266
263 274
264 758
264 412
264 304
264 741
264 272
264 765
264 764
264 309
264 363
265 272
265 303
265 300
265 444
265 765
265 488
265 298
265 682
265 277
265 291
266 368
266 592
266 597
266 274
266 741
266 294
266 309
266 363
266 268
267 444
267 681
267 406
267 272
267 682
267 290
267 298
267 285
267 794
267 291
267 303
268 278
268 758
268 368
268 366
268 398
268 269
268 309
268 294
268 741
268 701
269 717
269 682
269 791
269 758
269 444
269 290
269 298
269 277
269 398
269 310
269 488
270 298
270 370
270 809
270 741
270 398
270 394
270 300
270 366
271 763
271 318
271 791
271 720
271 298
271 277
271 758
272 394
272 488
272 682
272 291
272 444
272 794
272 290
272 278
273 316
273 681
273 765
273 740
273 278
273 309
273 444
273 291
274 323
274 764
274 308
274 294
274 339
274 401
274 741
274 368
275 356
275 643
275 363
275 739
275 276
276 401
276 398
276 363
276 366
276 743
276 741
277 741
277 791
277 398
277 505
277 682
277 488
277 444
277 298
278 741
278 717
278 300
278 298
278 488
278 316
278 740
278 744
278 290
278 444
278 682
279 461
279 301
279 412
279 421
279 764
279 304
279 319
279 296
280 444
280 741
280 346
280 283
280 310
280 298
280 630
280 285
280 309
281 758
281 488
281 760
281 763
281 298
281 720
281 682
282 382
282 315
282 309
282 765
282 308
282 368
283 444
283 309
283 285
283 291
283 671
283 297
283 758
283 298
284 758
284 741
284 682
284 488
284 444
284 398
284 791
284 505
284 290
284 298
285 671
285 309
285 765
285 298
285 578
285 310
285 788
286 298
286 812
286 433
286 301
286 765
287 602
287 304
287 521
287 366
287 682
287 310
287 597
287 739
287 758
287 764
287 741
288 444
288 794
288 398
288 290
288 741
288 682
289 683
289 310
289 309
289 764
289 297
289 296
289 444
289 291
289 811
290 744
290 444
290 505
290 791
290 398
290 682
290 316
290 298
291 488
291 740
291 310
291 671
291 682
291 316
291 444
291 298
292 741
292 298
292 791
292 316
292 398
292 682
293 664
293 353
293 366
293 521
293 346
293 348
293 739
293 741
293 470
293 296
294 739
294 637
294 764
294 398
294 741
294 682
294 717
294 597
294 374
295 741
295 758
295 366
295 308
295 309
295 313
295 368
296 444
296 348
296 739
296 758
296 764
296 741
296 682
297 309
297 488
297 741
297 582
297 298
297 300
297 444
298 573
298 682
298 791
298 488
298 444
298 316
298 744
298 582
299 682
299 508
299 758
299 764
299 741
300 488
300 310
300 744
300 406
300 398
300 791
300 682
300 444
300 316
301 720
301 318
301 765
301 310
302 398
302 310
302 316
302 444
302 394
302 760
302 763
303 794
303 406
303 682
303 578
303 444
304 758
304 358
304 412
304 717
304 764
304 741
304 346
304 310
304 398
305 757
305 365
305 333
305 308
306 308
306 333
306 339
306 313
306 765
306 757
307 764
307 346
307 630
307 741
307 422
307 444
307 313
308 741
308 366
308 368
308 309
308 758
308 764
309 573
309 488
309 582
309 310
309 444
309 758
310 316
310 791
310 788
310 444
310 682
310 398
311 366
311 758
311 717
311 741
312 717
312 809
312 744
312 741
313 764
313 366
313 348
313 368
313 741
314 762
314 363
314 552
314 569
314 333
314 405
314 377
314 380
315 582
315 741
315 488
315 444
315 791
315 764
316 398
316 791
316 744
316 505
316 788
316 444
316 682
317 578
317 398
317 671
317 366
317 444
318 781
318 763
318 758
318 720
319 739
319 363
319 741
319 764
319 383
320 363
320 353
320 615
320 592
320 589
320 588
320 587
320 585
320 550
320 517
321 352
321 689
321 560
321 357
321 571
321 332
322 484
322 551
322 741
322 412
322 759
322 739
322 379
322 416
323 582
323 682
323 637
323 366
323 398
323 741
323 368
324 758
324 637
324 726
324 682
324 368
324 374
324 741
325 690
325 363
325 365
325 348
325 717
325 368
325 346
326 741
326 739
326 369
326 551
326 379
326 348
326 764
326 398
326 412
327 711
327 488
327 461
327 741
327 671
327 758
328 342
328 353
328 363
328 551
328 739
328 741
328 597
328 588
329 363
329 401
329 367
329 366
329 764
329 348
329 333
330 708
330 348
330 728
330 685
330 384
330 759
330 739
330 353
330 383
330 551
330 387
331 433
331 333
331 412
331 578
332 333
332 635
332 347
332 612
332 605
332 591
332 359
333 542
333 339
333 366
334 534
334 552
334 739
334 400
334 371
334 485
334 815
334 551
335 521
335 410
335 741
335 394
335 412
335 685
335 377
335 557
335 739
335 368
336 348
336 728
336 347
336 363
336 697
337 365
337 384
337 346
337 764
338 340
338 431
338 461
339 794
339 682
339 370
339 488
339 366
339 361
339 368
340 758
340 763
340 788
340 720
340 461
341 348
341 588
341 589
341 363
341 356
341 353
341 739
341 383
342 345
342 597
342 739
342 363
342 764
342 419
342 717
342 692
342 741
343 363
343 690
343 612
343 368
343 679
344 346
344 741
344 348
344 762
344 363
344 383
345 682
345 597
345 739
345 758
345 764
345 741
346 398
346 368
346 764
346 348
346 741
346 758
347 365
347 412
347 588
347 434
347 363
348 597
348 682
348 353
348 764
348 398
348 741
348 739
349 508
349 739
349 363
349 416
349 401
349 682
349 741
349 353
350 398
350 582
350 713
350 758
350 354
351 436
351 422
351 624
351 581
351 426
352 413
352 365
352 363
352 612
353 597
353 760
353 398
353 717
353 741
353 739
354 401
354 582
354 398
354 488
354 427
354 358
354 444
354 741
354 717
355 699
355 383
355 363
356 393
356 739
356 643
356 363
357 366
357 403
357 367
357 651
358 717
358 741
358 505
358 791
358 788
358 398
358 682
359 363
359 544
359 589
360 544
360 702
360 679
360 698
361 398
361 682
361 741
361 744
361 368
361 637
362 364
362 741
362 809
362 744
362 427
363 717
363 398
363 597
363 508
363 764
363 741
364 764
364 741
364 811
364 812
364 788
364 427
365 758
365 366
365 368
365 741
365 764
366 582
366 682
366 370
366 488
366 394
366 398
366 717
367 382
367 394
367 415
367 370
368 717
368 573
368 758
368 741
368 398
369 394
369 379
369 427
369 398
369 557
369 741
370 415
370 717
370 398
370 394
370 488
371 412
371 551
371 764
371 741
372 765
372 382
372 373
372 394
372 415
373 406
373 600
373 794
373 415
373 765
373 379
373 651
373 382
373 394
374 427
374 744
374 406
374 741
374 398
374 637
374 444
374 791
374 682
375 597
375 379
375 682
375 741
375 427
375 401
375 791
375 398
375 394
376 764
376 739
376 637
376 597
376 758
376 427
376 741
376 398
377 651
377 396
377 394
377 390
377 405
377 382
377 415
377 379
378 751
378 416
378 597
378 398
378 637
378 741
379 488
379 444
379 573
379 394
379 791
379 398
379 470
380 398
380 401
380 551
380 396
381 395
381 401
381 741
381 682
381 411
381 406
381 414
381 427
381 412
381 382
381 398
381 399
382 406
382 765
382 809
382 651
382 794
382 394
383 398
383 597
383 741
383 739
383 764
383 399
384 399
384 422
384 398
384 741
384 637
385 764
385 427
385 401
385 551
385 406
385 399
385 398
385 395
385 414
386 410
386 401
386 488
386 760
386 398
387 412
387 764
387 551
387 401
387 398
387 427
388 398
388 741
388 760
388 637
388 717
389 405
389 616
389 763
389 652
389 760
389 668
390 760
390 444
390 682
390 415
390 398
390 394
390 405
391 398
391 581
391 400
391 412
391 393
391 422
391 551
392 398
392 741
392 403
392 401
392 399
392 395
393 551
393 637
393 398
393 401
393 741
394 682
394 444
394 406
394 488
394 791
394 398
395 444
395 809
395 682
395 406
395 794
395 399
396 405
396 401
396 403
396 415
397 805
397 412
397 741
397 764
397 398
397 401
398 682
398 741
398 488
398 791
399 470
399 406
399 791
399 401
399 597
399 741
399 427
400 741
400 405
400 764
400 401
400 551
400 422
400 402
401 444
401 427
401 764
401 741
401 717
401 406
402 427
402 422
402 419
402 414
402 741
402 717
403 597
403 444
403 427
403 794
404 741
404 412
404 415
404 521
404 405
405 415
406 426
406 788
406 794
406 444
406 791
406 427
406 682
407 758
407 764
407 811
407 791
407 414
407 741
407 427
407 426
408 551
408 409
408 412
409 414
409 422
409 427
410 758
410 682
410 765
410 578
410 791
410 582
411 638
411 597
411 764
411 427
411 412
412 422
412 414
412 427
412 764
413 422
413 414
413 741
413 582
414 791
414 578
414 741
414 788
414 422
414 764
414 427
415 765
416 741
416 744
416 637
416 682
416 717
417 744
417 717
417 758
417 484
417 427
417 741
418 456
418 425
418 429
418 620
419 791
419 597
419 427
419 764
419 741
419 717
420 508
420 741
420 427
420 597
420 717
421 741
421 444
421 682
421 758
421 811
421 788
422 426
422 764
422 788
422 433
422 444
422 427
423 427
423 425
423 796
424 744
424 637
424 427
424 717
424 741
425 427
425 426
425 655
426 671
426 557
426 791
426 444
427 578
427 444
427 791
427 788
428 682
428 451
428 581
428 445
428 458
428 764
428 444
428 488
429 433
429 764
430 432
430 456
430 434
430 458
430 439
431 466
431 582
431 589
431 739
431 511
431 451
432 450
432 439
432 435
432 624
432 458
432 460
433 444
433 578
433 788
433 671
433 682
434 454
434 765
434 458
434 764
435 682
435 717
435 760
435 764
435 505
435 741
435 488
435 444
436 444
436 624
436 458
436 452
436 445
437 458
437 582
437 793
437 581
437 451
437 444
437 452
437 624
438 581
438 458
438 551
438 764
439 508
439 758
439 458
439 741
439 583
439 764
440 569
440 741
440 458
440 764
441 450
441 581
441 458
441 460
442 624
442 764
442 451
442 458
442 459
442 508
443 582
443 444
444 488
444 682
445 812
446 764
446 460
446 458
446 452
447 794
447 812
447 581
448 460
448 746
448 765
448 533
448 458
449 794
449 793
449 622
449 452
449 450
449 765
449 459
450 671
450 764
450 741
450 578
451 488
451 764
451 758
451 741
451 682
452 624
453 458
453 459
453 789
453 809
453 765
454 741
454 581
454 582
455 460
455 459
455 627
455 458
455 456
456 460
456 459
456 533
456 458
457 459
457 458
458 764
458 765
459 764
460 671
460 765
461 758
461 788
461 505
461 484
462 597
462 717
462 741
462 582
462 508
463 588
463 537
463 551
463 581
464 567
464 764
464 578
464 581
465 581
465 744
465 578
465 488
465 470
466 511
466 582
466 508
466 505
466 488
466 643
467 611
467 733
467 741
467 470
467 597
467 602
467 505
468 557
468 639
468 578
468 788
468 764
469 717
469 639
469 521
469 470
469 557
469 582
469 741
469 597
470 791
470 505
470 741
470 521
470 638
471 788
471 581
471 717
471 534
471 741
471 638
471 505
472 508
472 582
472 513
472 476
472 616
472 764
473 582
473 551
473 741
473 717
474 739
474 597
474 508
474 741
474 551
474 485
475 741
475 517
475 551
475 563
475 511
475 581
476 717
476 532
476 741
476 505
476 682
476 758
476 597
477 757
477 551
477 569
477 508
478 760
478 488
478 741
478 578
478 485
478 682
478 671
479 551
479 592
479 637
479 741
479 583
480 764
480 578
480 551
480 741
481 764
481 535
481 637
481 592
482 551
482 513
482 764
482 581
482 517
483 587
483 589
483 517
483 588
483 551
484 573
484 791
484 671
484 758
484 578
485 758
485 791
485 739
485 741
486 642
486 582
486 637
486 578
486 521
487 551
487 741
487 581
487 578
487 534
488 717
488 682
489 540
489 687
489 587
489 569
489 555
489 627
489 581
490 588
490 497
490 587
490 496
490 581
490 589
490 551
491 588
491 637
491 764
491 739
492 759
492 637
492 578
492 602
492 655
493 582
493 587
493 583
493 581
494 583
494 578
494 637
494 788
495 671
495 582
495 600
495 578
495 765
496 521
496 764
496 592
496 741
496 582
496 551
496 739
496 597
497 741
497 508
497 567
497 602
497 639
497 581
497 597
498 515
498 612
498 588
498 589
498 615
499 764
499 578
499 557
500 671
500 681
500 557
500 521
500 582
500 794
500 788
501 741
501 552
502 741
502 508
502 739
502 588
503 535
503 534
503 590
503 638
503 578
504 811
504 682
504 788
504 551
504 582
504 581
504 578
504 590
505 791
505 788
505 740
505 682
506 582
507 535
507 637
507 583
507 551
508 809
508 717
508 741
509 812
509 765
510 534
510 578
510 671
511 741
511 597
512 602
512 764
512 551
512 739
513 578
513 764
513 582
513 741
514 521
514 758
514 763
514 741
515 637
515 741
515 717
515 588
515 589
516 764
516 592
516 610
516 741
517 563
517 551
517 717
517 592
517 741
517 764
518 521
518 781
518 760
518 643
518 739
519 578
519 642
519 655
519 637
519 660
520 551
520 592
520 741
520 637
521 573
521 791
521 740
522 534
522 551
523 739
523 602
523 582
523 597
523 583
523 637
524 542
524 619
524 791
524 578
524 582
524 788
525 739
525 546
525 741
525 597
526 685
526 551
526 739
526 632
526 741
527 557
527 578
528 602
528 582
528 637
528 741
529 551
530 582
530 788
531 589
531 764
531 741
531 582
531 551
532 578
532 744
532 638
532 788
532 791
533 651
533 746
533 765
534 758
534 638
534 578
535 578
535 741
536 717
536 581
536 764
536 582
536 682
536 681
537 582
537 581
537 717
537 741
538 655
538 585
538 589
538 552
538 588
538 564
539 765
539 651
539 578
539 701
539 569
540 551
540 546
540 598
540 581
541 582
541 542
541 564
541 569
541 683
541 551
542 682
542 578
542 788
542 573
543 581
543 592
543 597
543 551
543 739
543 741
544 597
544 739
544 741
545 551
545 639
545 597
546 637
546 759
546 602
546 597
546 741
546 739
547 597
547 588
547 585
547 554
547 592
547 550
547 589
548 552
548 563
548 569
548 589
548 550
548 551
549 764
549 741
549 551
549 597
549 592
550 717
550 551
550 592
551 597
551 637
551 582
551 764
551 741
552 686
552 564
552 701
552 569
552 717
553 637
553 592
554 583
554 637
554 597
554 681
554 581
554 602
555 584
555 632
555 581
555 611
556 741
556 611
556 685
556 696
557 638
557 788
557 671
558 603
559 581
559 601
560 635
560 592
561 726
561 701
561 582
561 741
562 623
562 679
563 573
563 741
563 682
563 717
564 569
565 578
565 791
565 582
565 717
566 585
566 589
567 682
567 602
567 597
567 639
568 812
568 642
568 651
568 765
568 794
569 744
569 809
569 741
570 597
570 682
570 809
570 741
570 637
570 602
571 765
571 599
572 794
572 600
572 603
572 634
572 767
573 791
573 578
574 582
575 743
575 578
575 582
576 586
576 589
577 597
577 751
577 611
577 741
578 788
578 582
578 791
578 682
579 741
579 588
579 652
579 739
581 639
581 682
581 582
581 717
582 597
582 744
582 682
583 741
583 758
585 602
585 764
585 588
585 592
586 588
586 589
587 588
587 589
588 637
588 597
588 592
588 741
589 741
590 791
590 811
590 788
591 615
592 764
592 741
592 717
592 637
592 597
593 746
593 651
593 600
593 765
594 764
594 600
594 671
595 597
595 741
595 638
597 739
597 717
597 741
598 639
598 741
598 764
599 765
600 794
600 682
600 791
600 809
601 637
601 764
602 637
602 682
602 741
603 765
603 651
604 638
605 612
606 741
607 744
607 619
607 637
608 764
608 741
609 744
609 791
609 788
609 619
610 791
610 741
610 764
611 741
611 639
611 751
612 615
613 717
614 637
616 741
616 682
616 690
616 717
616 760
616 764
617 655
617 764
617 637
618 758
618 741
618 701
618 637
618 619
619 682
619 744
619 791
619 788
620 632
621 726
621 682
622 764
622 741
622 626
623 805
623 741
623 764
624 717
625 788
625 812
625 740
626 741
626 764
627 764
628 729
629 671
629 758
629 764
629 741
630 744
630 741
630 682
631 637
631 741
631 764
632 637
632 685
632 739
632 741
633 637
634 765
635 741
635 764
636 791
637 788
637 717
637 741
637 682
637 791
637 744
638 791
638 788
639 791
639 744
639 741
640 744
640 741
641 683
642 809
642 765
643 760
643 682
643 741
644 788
644 682
644 671
645 741
645 646
645 690
645 758
645 760
645 763
645 717
646 758
646 717
646 682
647 720
648 741
648 671
649 681
649 656
649 764
649 682
650 682
650 726
650 701
650 758
650 741
651 794
651 765
652 717
652 758
652 739
652 741
654 723
655 717
655 764
655 682
656 764
656 682
656 741
657 791
657 788
657 741
657 682
657 744
657 717
658 687
660 741
661 741
661 714
662 741
662 717
662 664
662 701
663 741
663 726
664 791
664 741
664 717
665 741
666 764
666 744
666 741
667 687
667 683
667 681
667 674
668 760
668 758
668 716
668 763
669 688
669 687
669 679
670 741
670 683
672 789
672 759
674 681
674 682
674 758
674 717
674 741
675 687
675 707
675 697
676 739
676 741
676 759
676 764
677 688
677 687
678 686
679 741
680 758
680 741
680 717
681 764
681 788
681 744
681 682
682 791
682 788
683 794
683 717
684 713
684 686
685 741
685 739
686 739
686 741
687 741
688 764
688 815
689 699
689 762
689 757
689 696
690 741
690 717
691 759
691 741
691 739
692 791
692 741
692 717
693 741
694 741
694 758
694 764
695 754
696 757
697 726
697 739
699 739
699 741
700 741
700 701
700 726
701 717
704 758
704 760
705 805
705 739
706 757
707 733
707 739
707 759
708 741
708 759
708 739
709 764
709 763
709 758
709 720
710 815
711 717
711 763
711 740
711 741
712 758
712 741
713 758
714 741
715 720
715 758
715 763
715 741
716 739
716 760
716 763
716 758
717 744
717 758
717 791
717 741
718 741
718 758
718 740
718 763
718 764
719 754
720 788
720 791
720 763
720 758
722 764
722 741
723 758
723 741
723 764
724 728
725 758
725 741
726 744
726 741
727 764
728 759
728 741
728 739
730 741
730 733
731 741
731 809
731 744
731 764
732 764
732 765
733 764
733 739
733 741
734 788
734 741
734 744
735 796
735 739
735 751
735 759
736 769
736 767
736 765
736 809
736 740
737 803
737 744
737 794
738 739
738 743
738 741
739 758
739 741
740 744
740 741
741 744
741 764
741 758
742 765
742 763
742 758
742 764
743 744
745 764
746 812
746 765
747 765
747 753
749 764
749 751
750 758
751 791
751 764
752 809
752 765
753 794
753 809
753 765
754 815
755 791
756 815
757 765
758 791
758 763
758 764
760 763
761 762
762 767
763 764
764 791
765 794
765 812
766 796
768 788
768 811
768 812
769 794
770 815
772 798
772 800
773 788
773 791
774 815
775 808
776 809
777 788
777 793
778 781
780 785
782 785
783 788
783 809
788 794
788 811
788 791
789 809
789 811
789 794
789 799
790 791
790 803
790 812
791 794
792 798
792 799
792 805
792 795
792 794
792 808
792 809
792 793
792 811
793 812
793 808
793 809
793 811
793 794
794 809
794 811
795 809
796 811
796 797
796 798
796 809
796 808
796 803
797 805
797 808
797 809
797 811
797 803
798 809
798 808
798 811
798 802
799 809
799 811
799 812
800 805
800 802
800 808
801 809
801 805
802 809
802 803
802 810
802 812
802 811
803 809
803 812
804 811
805 809
806 808
806 811
807 808
808 809
808 811
808 812
810 812
810 811
811 812
