0 229
0 227
1 44
1 310
2 70
2 741
3 304
3 739
4 58
4 741
5 298
5 788
6 269
6 368
7 220
7 201
8 277
8 298
9 298
9 310
10 292
10 414
11 199
12 741
13 741
13 573
14 809
15 277
15 741
16 365
16 790
17 127
18 207
19 406
19 427
20 269
20 412
21 272
21 363
22 179
22 212
23 37
23 367
24 765
25 764
25 637
26 201
27 368
27 405
28 35
29 637
29 368
30 271
30 45
31 370
31 415
32 227
32 225
33 227
33 370
34 199
34 201
35 37
36 217
36 362
37 256
37 809
38 578
38 682
39 258
40 202
40 133
41 741
42 401
42 272
44 398
44 277
45 207
46 578
46 269
47 211
47 357
48 619
48 414
49 414
49 201
50 127
50 277
51 398
51 277
52 266
52 592
53 379
53 739
54 741
54 398
55 685
55 743
56 682
56 488
57 101
57 637
58 65
58 398
59 741
59 255
60 741
60 508
61 270
61 256
62 65
63 741
63 398
64 298
64 788
65 398
65 277
66 643
66 70
67 643
68 368
68 741
69 255
69 741
70 741
71 764
71 294
72 298
73 313
73 255
74 637
74 741
75 597
75 363
76 277
77 763
77 760
78 398
78 394
79 425
79 220
80 344
80 418
81 220
81 209
82 201
82 220
83 353
83 101
84 374
85 270
86 582
86 94
87 396
87 189
88 101
88 201
89 521
89 394
90 323
90 101
91 374
91 101
92 398
92 277
93 398
94 366
94 101
95 134
95 258
96 255
96 101
97 101
97 717
98 398
99 798
100 416
100 101
101 741
101 398
102 227
102 757
103 220
103 592
104 130
104 764
105 112
105 296
106 406
106 278
107 130
108 759
108 112
109 304
109 741
110 308
110 296
111 444
111 127
112 117
112 398
113 133
113 268
114 444
114 135
115 272
115 122
116 348
116 739
117 444
117 398
118 398
118 125
119 316
119 130
120 220
120 132
121 374
121 741
122 741
123 444
123 422
124 764
124 739
125 398
125 127
126 135
126 291
127 277
127 444
128 422
128 384
129 741
130 277
130 505
131 759
132 309
132 374
133 741
133 278
134 398
135 682
135 444
136 764
136 682
137 316
137 764
138 292
138 222
139 234
139 220
140 225
140 154
141 146
141 741
142 174
142 218
143 398
144 760
145 398
145 717
146 398
146 741
147 269
147 310
148 682
148 209
149 249
149 764
150 398
151 717
152 154
152 172
153 222
153 764
154 398
154 193
155 271
155 207
156 165
156 741
157 269
157 218
158 763
158 318
159 204
159 763
160 298
160 183
161 758
161 225
162 450
162 220
163 173
163 210
164 210
164 249
165 209
165 758
166 199
166 220
167 412
167 222
168 271
170 206
170 220
171 210
172 209
172 193
173 207
173 193
174 210
174 212
175 304
175 226
176 220
177 764
177 201
178 218
178 226
179 212
179 310
180 220
180 764
181 227
181 206
182 222
183 277
183 298
185 225
185 390
186 505
186 194
187 250
187 269
188 286
188 217
190 225
191 199
191 220
193 210
193 310
194 298
195 760
196 201
196 398
197 226
197 222
198 268
198 220
199 222
199 717
200 205
201 374
201 249
202 220
203 268
204 298
204 310
205 210
207 310
208 220
209 398
209 210
210 298
211 412
211 220
212 213
213 310
214 422
215 668
216 390
216 227
217 285
218 310
219 296
219 225
221 764
222 764
222 225
224 227
225 269
226 412
227 229
228 414
230 422
231 249
232 368
232 741
233 387
234 764
236 398
236 250
242 250
244 258
245 250
245 398
246 298
247 368
249 398
249 310
250 398
251 310
251 269
252 363
254 313
254 363
255 398
255 741
256 300
256 265
257 353
257 760
258 269
258 298
259 285
259 267
260 366
261 444
261 278
262 741
263 270
264 304
265 298
266 741
267 303
268 741
269 310
269 277
271 277
271 720
272 794
272 278
273 291
273 740
274 339
275 363
277 488
277 444
278 444
278 682
279 296
280 309
280 310
281 682
281 298
282 308
283 298
283 309
284 505
285 298
285 310
286 765
287 739
287 741
288 682
289 297
290 298
290 316
291 316
291 444
293 741
294 597
294 741
295 308
296 682
296 764
297 298
298 444
299 741
300 316
300 444
301 765
302 760
304 764
304 310
306 308
307 741
308 764
308 758
312 741
313 741
314 377
315 444
316 444
317 444
319 764
319 383
320 592
320 585
321 332
322 759
323 741
323 368
324 374
324 741
326 348
326 379
328 353
329 333
330 383
330 739
332 347
334 815
334 551
335 557
335 685
337 764
338 461
338 340
341 739
341 363
342 741
344 348
345 741
345 764
346 348
346 741
348 739
348 741
349 682
350 354
353 739
354 741
354 717
356 643
357 651
359 544
361 741
363 741
364 812
365 741
365 368
366 370
366 398
368 717
368 741
369 398
371 741
372 373
373 382
374 398
374 682
375 398
376 398
377 415
378 637
379 470
379 398
380 401
380 396
381 399
382 394
383 741
384 398
385 401
385 399
386 398
387 398
389 760
391 551
392 395
393 741
394 398
397 401
398 791
399 427
400 402
401 427
402 427
402 717
403 794
405 415
406 427
407 427
409 427
411 427
414 764
414 427
417 741
418 429
419 717
420 427
421 811
422 427
423 425
428 764
429 764
432 435
432 450
433 444
434 458
435 444
438 551
439 458
439 741
441 458
442 458
442 459
448 765
449 793
449 452
450 578
451 741
453 789
454 582
455 458
456 458
463 588
463 537
464 581
465 470
466 505
466 508
467 505
468 788
469 597
470 741
471 505
472 476
473 551
474 551
474 741
475 581
476 741
476 717
477 569
478 485
479 637
480 551
482 581
483 551
485 741
486 521
489 581
490 587
490 589
491 739
492 759
492 637
493 581
494 578
495 578
495 582
496 739
496 597
497 581
498 588
500 681
500 794
503 578
504 590
504 581
505 788
506 582
507 583
510 534
513 764
514 741
515 717
516 610
518 643
523 637
524 582
525 741
526 632
527 578
528 582
528 602
531 551
532 791
533 765
534 638
536 582
536 681
537 582
538 564
540 581
543 597
544 741
544 739
545 597
546 741
547 550
547 592
548 550
550 592
551 741
554 602
555 611
556 685
561 582
562 679
563 717
568 765
570 637
570 602
578 788
579 588
585 592
587 589
588 592
588 741
590 788
592 637
592 597
593 765
597 741
599 765
608 741
609 619
616 760
616 764
618 619
631 741
632 741
640 741
645 717
646 682
649 682
650 741
655 682
656 682
657 744
658 687
665 741
666 741
667 681
667 683
668 716
668 763
669 679
670 683
672 759
675 687
675 707
680 741
681 682
685 741
688 815
689 757
689 762
690 717
691 741
692 717
694 741
694 758
699 741
705 739
707 759
708 739
709 758
711 741
712 741
718 741
726 741
728 739
730 741
731 744
731 809
733 741
734 744
735 759
735 751
736 740
738 741
739 741
740 744
746 765
758 764
760 763
768 812
788 791
789 809
792 808
792 805
793 794
795 809
796 808
796 809
797 809
798 802
799 811
800 808
802 811
803 809
804 811
808 811
810 811
