0 225
0 229
0 227
1 741
1 44
1 310
2 65
2 70
2 741
3 764
3 304
3 739
4 65
4 58
4 741
5 9
5 298
5 788
6 269
6 368
7 285
7 220
7 201
8 744
8 277
8 298
9 578
9 310
9 298
10 815
10 414
10 292
11 97
11 199
12 741
13 764
13 741
13 573
14 37
14 809
15 269
15 277
15 741
16 655
16 365
16 790
17 92
17 127
18 310
18 207
19 619
19 406
19 427
20 368
20 412
20 269
21 569
21 272
21 363
22 578
22 179
22 212
23 35
23 37
23 367
24 382
24 765
25 741
25 764
25 637
26 227
26 201
27 68
27 368
27 405
28 37
28 35
29 521
29 637
29 368
30 763
30 271
30 45
31 339
31 415
31 370
32 227
32 225
33 225
33 227
33 370
34 199
34 201
35 382
35 37
36 225
36 217
36 362
37 256
37 809
38 398
38 578
38 682
39 258
40 220
40 202
40 133
41 809
41 741
42 563
42 272
42 401
43 310
44 127
44 398
44 277
45 671
45 207
46 764
46 578
46 269
47 337
47 211
47 357
48 619
48 414
49 141
49 414
49 201
50 65
50 127
50 277
51 741
51 398
51 277
52 383
52 592
52 266
53 398
53 379
53 739
54 741
54 398
55 398
55 685
55 743
56 277
56 682
56 488
57 353
57 101
57 637
58 791
58 65
58 398
59 70
59 741
59 255
60 398
60 741
60 508
61 300
61 270
61 256
62 398
62 65
63 101
63 741
63 398
64 310
64 298
64 788
65 488
65 398
65 277
66 741
66 643
66 70
67 763
67 643
68 220
68 368
68 741
69 294
69 255
69 741
70 741
71 292
71 294
71 764
72 127
72 298
73 324
73 313
73 255
74 597
74 637
74 741
75 759
75 363
75 597
76 398
76 277
77 758
77 763
77 760
78 741
78 398
78 394
79 550
79 425
79 220
80 347
80 344
80 418
81 581
81 220
81 209
82 323
82 201
82 220
83 739
83 353
83 101
84 637
84 374
85 256
85 270
86 92
86 582
86 94
87 396
87 189
88 222
88 101
88 201
89 508
89 521
89 394
90 323
90 101
91 764
91 374
91 101
92 374
92 398
92 277
93 271
93 398
94 366
94 101
95 717
95 258
95 134
96 255
96 101
97 101
97 717
98 398
99 220
99 798
100 353
100 416
100 101
101 717
101 741
101 398
102 370
102 227
102 757
103 425
103 220
103 592
104 127
104 130
104 764
105 125
105 112
105 296
106 272
106 406
106 278
107 296
107 130
108 425
108 759
108 112
109 383
109 741
109 304
110 132
110 308
110 296
111 298
111 444
111 127
112 682
112 117
112 398
113 309
113 133
113 268
114 300
114 444
114 135
115 741
115 272
115 122
116 759
116 348
116 739
117 682
117 444
117 398
118 300
118 398
118 125
119 788
119 316
119 130
120 723
120 220
120 132
121 582
121 374
121 741
122 398
122 741
123 125
123 444
123 422
124 741
124 764
124 739
125 444
125 398
125 127
126 444
126 135
126 291
127 398
127 444
127 277
128 220
128 422
128 384
129 682
129 741
130 277
130 505
131 255
131 759
132 268
132 309
132 374
133 272
133 741
133 278
134 717
134 398
135 277
135 682
135 444
136 316
136 764
136 682
137 249
137 316
137 764
138 148
138 292
138 222
139 163
139 234
139 220
140 220
140 225
140 154
141 145
141 146
141 741
142 205
142 218
142 174
143 209
143 398
144 488
144 760
145 741
145 398
145 717
146 210
146 398
146 741
147 193
147 269
147 310
148 269
148 209
148 682
149 196
149 249
149 764
150 298
150 398
151 225
151 717
152 760
152 154
152 172
153 174
153 222
153 764
154 207
154 193
154 398
155 210
155 271
155 207
156 171
156 165
156 741
157 250
157 269
157 218
158 221
158 763
158 318
159 204
159 763
160 193
160 183
160 298
161 758
161 225
162 222
162 450
162 220
163 193
163 173
163 210
164 298
164 210
164 249
165 398
165 209
165 758
166 201
166 199
166 220
167 220
167 412
167 222
168 578
168 271
169 363
170 201
170 206
170 220
171 298
171 210
172 209
172 193
173 398
173 207
173 193
174 207
174 210
174 212
175 201
175 304
175 226
176 201
176 220
177 741
177 201
177 764
178 340
178 218
178 226
179 578
179 212
179 310
180 226
180 220
180 764
181 765
181 227
181 206
182 764
182 222
183 488
183 298
183 277
184 249
185 405
185 225
185 390
186 682
186 505
186 194
187 398
187 250
187 269
188 282
188 286
188 217
189 225
190 225
191 220
191 199
192 356
193 298
193 210
193 310
194 210
194 298
195 763
195 760
196 209
196 201
196 398
197 258
197 226
197 222
198 268
198 220
199 204
199 222
199 717
200 218
200 205
201 427
201 374
201 249
202 390
202 220
203 764
203 268
204 277
204 298
204 310
205 218
205 210
207 310
208 225
208 220
209 398
209 210
210 277
210 298
211 222
211 220
211 412
212 213
213 578
213 310
214 422
215 760
215 668
216 390
216 227
217 285
218 398
218 310
219 228
219 296
219 225
220 398
221 248
221 764
222 764
222 225
224 258
224 227
225 764
225 269
226 258
226 412
227 394
227 229
228 414
230 363
230 422
231 249
232 637
232 368
232 741
233 419
233 387
234 764
236 398
236 250
239 323
242 250
244 258
245 277
245 398
245 250
246 298
247 412
247 368
249 398
249 310
250 398
251 671
251 269
251 310
252 363
253 358
254 262
254 313
254 363
255 758
255 398
255 741
256 394
256 265
256 300
257 508
257 353
257 760
258 398
258 269
258 298
259 272
259 285
259 267
260 270
260 366
261 272
261 278
261 444
262 294
262 741
263 266
263 270
264 764
264 304
265 298
266 741
267 303
268 741
269 398
269 277
269 310
270 366
271 298
271 277
271 720
272 794
272 278
273 765
273 291
273 740
274 368
274 339
275 363
276 741
277 298
277 488
277 444
278 744
278 444
278 682
279 319
279 296
280 285
280 310
280 309
281 682
281 298
282 308
283 298
283 309
284 290
284 505
285 578
285 310
285 298
286 765
287 764
287 739
287 741
288 290
288 682
289 296
289 297
290 682
290 298
290 316
291 298
291 316
291 444
292 682
293 296
293 741
294 398
294 597
294 741
295 368
295 308
296 741
296 682
296 764
297 298
298 488
298 444
299 741
300 316
300 444
301 765
302 760
304 741
304 310
304 764
305 365
306 308
307 741
308 309
308 764
308 758
309 758
310 316
312 741
313 741
314 405
314 377
315 444
316 682
316 444
317 366
317 444
319 363
319 764
319 383
320 592
320 585
321 332
322 759
323 398
323 741
323 368
324 374
324 741
325 368
326 551
326 379
326 348
328 353
329 333
330 383
330 739
331 412
332 612
332 347
334 815
334 551
335 557
335 685
336 347
337 764
338 461
338 340
340 461
341 353
341 739
341 363
342 692
342 741
343 679
344 363
344 348
345 758
345 764
345 741
346 348
346 741
348 353
348 741
348 739
349 741
349 682
350 354
353 741
353 739
354 741
354 717
355 363
356 643
357 651
358 505
359 544
360 698
361 368
361 741
363 741
364 788
364 812
365 764
365 741
365 368
366 398
366 370
368 758
368 717
368 741
369 398
370 488
371 741
372 394
372 373
373 394
373 382
374 637
374 398
374 682
375 427
375 398
376 741
376 398
377 415
378 637
379 398
379 470
380 401
380 396
381 398
381 399
382 394
383 741
384 637
384 398
385 427
385 401
385 399
386 760
386 398
387 398
388 398
389 760
390 415
391 551
392 399
392 395
393 637
393 741
394 398
395 399
397 398
397 401
398 488
398 791
399 741
399 427
400 422
400 402
401 427
402 427
402 717
403 427
403 794
405 415
406 427
407 427
409 427
410 582
411 412
411 427
414 764
414 427
416 682
417 741
418 429
419 741
419 717
420 427
421 811
422 427
423 425
424 717
426 444
428 764
429 764
430 456
431 466
432 435
432 450
433 444
434 458
435 444
436 445
437 444
438 551
439 583
439 458
439 741
441 458
442 451
442 458
442 459
448 765
449 765
449 793
449 452
450 578
451 764
451 741
453 789
454 582
455 456
455 458
456 458
457 458
458 764
460 765
462 582
463 588
463 537
464 581
465 470
466 505
466 508
467 470
467 505
468 639
468 788
469 557
469 597
470 638
470 741
471 741
471 505
472 513
472 476
473 741
473 551
474 485
474 551
474 741
475 581
476 532
476 741
476 717
477 569
478 485
479 741
479 637
480 551
481 592
482 513
482 581
483 517
483 551
485 741
486 578
486 521
489 581
490 588
490 589
490 587
491 739
492 759
492 637
493 581
494 578
495 578
495 582
496 551
496 739
496 597
497 597
497 581
498 588
499 578
500 582
500 681
500 794
503 578
504 578
504 590
504 581
505 682
505 788
506 582
507 583
508 741
509 765
510 534
511 597
512 739
513 582
513 764
514 741
515 717
516 610
517 563
518 781
518 643
520 592
522 551
523 637
524 578
524 582
525 546
525 741
526 632
527 578
528 637
528 582
528 602
531 551
532 638
532 791
533 765
534 578
534 638
535 578
536 581
536 582
536 681
537 581
537 582
538 564
540 581
541 551
543 739
543 597
544 741
544 739
545 597
546 741
547 554
547 550
547 592
548 589
548 550
549 592
550 592
551 741
554 581
554 602
555 611
556 685
561 582
562 679
563 682
563 717
566 589
568 651
568 765
570 741
570 637
570 602
577 611
578 788
579 588
581 582
585 592
586 589
587 589
588 592
588 741
590 788
592 741
592 637
592 597
593 765
597 741
599 765
600 809
608 741
609 788
609 619
611 751
616 760
616 764
617 637
618 619
619 788
622 741
625 740
631 741
632 741
633 637
637 741
638 788
639 741
640 741
641 683
645 763
645 717
646 682
649 764
649 682
650 741
655 682
656 682
657 717
657 744
658 687
662 701
664 717
665 741
666 741
667 681
667 683
668 763
668 716
669 687
669 679
670 683
672 759
674 758
675 697
675 687
675 707
679 741
680 741
681 682
685 741
688 815
689 696
689 757
689 762
690 717
691 741
692 717
694 758
694 741
699 741
700 701
705 739
707 759
708 739
709 720
709 758
711 740
711 741
712 741
714 741
716 763
718 758
718 741
720 763
723 741
725 741
726 741
728 739
730 741
731 744
731 809
733 741
734 744
735 759
735 751
736 765
736 740
737 794
738 741
739 741
740 744
741 758
746 765
753 809
756 815
758 763
758 764
760 763
761 762
762 767
768 812
774 815
780 785
788 791
789 794
789 809
790 812
792 809
792 808
792 805
793 811
793 794
794 811
795 809
796 803
796 808
796 809
797 808
797 809
798 802
799 809
799 811
800 808
801 805
802 811
803 809
804 811
808 809
808 811
810 811
