0 193
0 229
0 227
0 225
1 316
1 310
1 44
1 741
2 398
2 741
2 65
2 70
3 296
3 739
3 764
3 304
4 277
4 65
4 58
4 741
5 505
5 9
5 298
5 788
6 398
6 269
6 368
7 412
7 201
7 220
7 285
8 44
8 744
8 277
8 298
9 207
9 578
9 310
9 298
10 412
10 815
10 414
10 292
11 220
11 97
11 199
12 741
13 398
13 764
13 741
13 573
14 505
14 37
14 809
15 298
15 269
15 277
15 741
16 220
16 655
16 365
16 790
17 298
17 92
17 127
18 310
18 207
19 578
19 619
19 406
19 427
20 212
20 368
20 412
20 269
21 258
21 363
21 272
21 569
22 201
22 578
22 179
22 212
23 61
23 35
23 37
23 367
24 213
24 382
24 765
25 316
25 637
25 764
25 741
26 382
26 227
26 201
27 199
27 405
27 368
27 68
28 37
28 35
29 101
29 521
29 637
29 368
30 310
30 763
30 271
30 45
31 366
31 339
31 415
31 370
32 634
32 227
32 225
33 61
33 225
33 227
33 370
34 48
34 199
34 201
35 61
35 382
35 37
36 364
36 225
36 217
36 362
37 61
37 256
37 809
38 316
38 578
38 398
38 682
39 309
39 258
40 225
40 220
40 202
40 133
41 809
41 741
42 199
42 563
42 272
42 401
43 812
43 310
44 65
44 127
44 398
44 277
45 310
45 671
45 207
46 764
46 578
46 269
47 337
47 211
47 357
48 619
48 414
49 413
49 141
49 414
49 201
50 58
50 65
50 127
50 277
51 717
51 741
51 398
51 277
52 517
52 383
52 592
52 266
53 741
53 398
53 379
53 739
54 488
54 741
54 398
55 368
55 398
55 685
55 743
56 298
56 682
56 488
56 277
57 741
57 353
57 101
57 637
58 488
58 791
58 65
58 398
59 739
59 741
59 70
59 255
60 70
60 398
60 741
60 508
61 370
61 300
61 270
61 256
62 488
62 398
62 65
63 101
63 741
63 398
64 578
64 788
64 298
64 310
65 398
65 488
65 277
66 508
66 741
66 643
66 70
67 682
67 763
67 643
68 758
68 220
68 368
68 741
69 739
69 294
69 255
69 741
70 398
70 741
71 101
71 292
71 294
71 764
72 521
72 127
72 298
73 479
73 324
73 313
73 255
74 361
74 597
74 637
74 741
75 739
75 759
75 363
75 597
76 398
76 277
77 764
77 760
77 758
77 763
78 101
78 741
78 398
78 394
79 103
79 220
79 550
79 425
80 83
80 347
80 344
80 418
81 201
81 220
81 209
81 581
82 741
82 201
82 220
82 323
83 597
83 739
83 353
83 101
84 637
84 374
85 367
85 270
85 256
86 374
86 92
86 94
86 582
87 466
87 396
87 189
88 220
88 222
88 101
88 201
89 398
89 508
89 521
89 394
90 401
90 323
90 101
91 682
91 101
91 374
91 764
92 488
92 374
92 398
92 277
93 271
93 398
94 374
94 366
94 101
95 145
95 717
95 258
95 134
96 741
96 255
96 101
97 225
97 101
97 717
98 741
98 398
99 335
99 220
99 798
100 401
100 353
100 416
100 101
101 717
101 741
101 398
102 415
102 370
102 227
102 757
103 425
103 220
103 592
104 444
104 764
104 127
104 130
105 741
105 125
105 112
105 296
106 256
106 272
106 278
106 406
107 764
107 296
107 130
108 739
108 425
108 112
108 759
109 399
109 383
109 741
109 304
110 739
110 132
110 308
110 296
111 398
111 444
111 298
111 127
112 127
112 682
112 117
112 398
113 409
113 133
113 309
113 268
114 764
114 300
114 444
114 135
115 398
115 741
115 272
115 122
116 741
116 759
116 348
116 739
117 310
117 682
117 444
117 398
118 135
118 300
118 398
118 125
119 135
119 788
119 316
119 130
120 324
120 723
120 220
120 132
121 398
121 582
121 374
121 741
122 398
122 741
123 426
123 125
123 444
123 422
124 358
124 741
124 764
124 739
125 316
125 444
125 398
125 127
126 267
126 444
126 135
126 291
127 298
127 398
127 444
127 277
128 422
128 220
128 384
129 758
129 682
129 741
130 444
130 277
130 505
131 255
131 759
132 267
132 268
132 309
132 374
133 294
133 272
133 741
133 278
134 717
134 398
135 278
135 444
135 682
135 277
136 741
136 316
136 764
136 682
137 741
137 249
137 316
137 764
138 165
138 148
138 292
138 222
139 764
139 163
139 234
139 220
140 172
140 220
140 225
140 154
141 419
141 145
141 741
141 146
142 764
142 205
142 218
142 174
143 741
143 209
143 398
144 193
144 488
144 760
145 764
145 741
145 398
145 717
146 245
146 210
146 398
146 741
147 210
147 193
147 269
147 310
148 374
148 269
148 209
148 682
149 269
149 249
149 764
149 196
150 172
150 298
150 398
151 269
151 717
151 225
152 231
152 760
152 154
152 172
153 225
153 174
153 222
153 764
154 172
154 207
154 193
154 398
155 298
155 210
155 271
155 207
156 284
156 165
156 171
156 741
157 193
157 250
157 269
157 218
158 172
158 763
158 221
158 318
159 210
159 763
159 204
160 760
160 193
160 183
160 298
161 764
161 758
161 225
162 412
162 222
162 450
162 220
163 193
163 173
163 210
164 201
164 249
164 298
164 210
165 741
165 398
165 209
165 758
166 588
166 220
166 199
166 201
167 226
167 220
167 412
167 222
168 269
168 578
168 271
169 363
170 308
170 201
170 206
170 220
171 193
171 298
171 210
172 210
172 209
172 193
173 310
173 207
173 398
173 193
174 207
174 210
174 212
175 220
175 201
175 304
175 226
176 741
176 201
176 220
177 398
177 741
177 201
177 764
178 258
178 340
178 218
178 226
179 210
179 578
179 212
179 310
180 226
180 220
180 764
181 651
181 765
181 227
181 206
182 764
182 222
183 444
183 488
183 298
183 277
184 249
185 370
185 405
185 225
185 390
186 298
186 682
186 505
186 194
187 671
187 269
187 250
187 398
188 282
188 286
188 217
189 225
190 250
190 225
191 220
191 199
192 356
193 207
193 298
193 210
193 310
194 788
194 210
194 298
195 318
195 760
195 763
196 210
196 209
196 201
196 398
197 258
197 226
197 222
198 268
198 220
199 741
199 204
199 222
199 717
200 763
200 218
200 205
201 398
201 427
201 374
201 249
202 226
202 390
202 220
203 225
203 764
203 268
204 444
204 277
204 298
204 310
205 237
205 218
205 210
206 220
207 210
207 310
208 225
208 220
209 298
209 398
209 210
210 788
210 277
210 298
211 226
211 222
211 220
211 412
212 213
213 433
213 578
213 310
214 422
215 760
215 668
216 366
216 390
216 227
217 578
217 285
218 398
218 310
219 764
219 228
219 296
219 225
220 741
220 398
221 248
221 764
222 764
222 225
224 229
224 258
224 227
225 764
225 269
226 764
226 258
226 412
227 415
227 394
227 229
228 414
229 488
230 363
230 422
231 310
231 249
232 637
232 741
232 368
233 419
233 387
234 764
236 398
236 250
238 250
239 323
240 248
242 398
242 250
244 258
245 277
245 398
245 250
246 298
247 412
247 368
249 444
249 398
249 310
250 277
250 398
251 671
251 269
251 310
252 551
252 363
253 398
253 358
254 296
254 262
254 313
254 363
255 597
255 758
255 398
255 741
256 298
256 394
256 265
256 300
257 741
257 508
257 760
257 353
258 764
258 269
258 298
258 398
259 309
259 272
259 285
259 267
260 272
260 270
260 366
261 298
261 272
261 278
261 444
262 368
262 294
262 741
263 272
263 270
263 266
264 309
264 764
264 304
265 444
265 298
266 294
266 741
267 291
267 303
268 368
268 741
269 488
269 398
269 277
269 310
270 366
271 758
271 298
271 277
271 720
272 682
272 794
272 278
273 765
273 740
273 291
274 308
274 368
274 339
275 363
276 741
277 298
277 488
277 444
278 316
278 744
278 444
278 682
279 304
279 319
279 296
280 298
280 285
280 310
280 309
281 763
281 682
281 298
282 308
283 298
283 309
284 298
284 505
284 290
285 765
285 578
285 310
285 298
286 765
287 764
287 739
287 741
288 290
288 682
289 296
289 297
290 682
290 298
290 316
291 298
291 316
291 444
292 682
293 346
293 296
293 741
294 717
294 398
294 597
294 741
295 309
295 368
295 308
296 758
296 741
296 682
296 764
297 298
298 444
298 488
299 508
299 741
300 444
300 316
301 765
302 763
302 760
303 444
304 398
304 741
304 310
304 764
305 365
306 757
306 308
307 313
307 741
308 309
308 758
308 764
309 758
310 316
312 741
313 741
314 380
314 405
314 377
315 741
315 444
316 788
316 444
316 682
317 366
317 444
318 720
319 363
319 764
319 383
320 550
320 592
320 585
321 571
321 332
322 759
323 398
323 741
323 368
324 368
324 374
324 741
325 348
325 368
326 412
326 551
326 379
326 348
328 353
329 401
329 333
330 387
330 383
330 739
331 412
332 605
332 612
332 347
334 815
334 551
335 368
335 557
335 685
336 363
336 347
337 764
338 431
338 461
338 340
340 461
341 353
341 363
341 739
342 363
342 692
342 741
343 679
344 363
344 348
345 739
345 758
345 764
345 741
346 764
346 348
346 741
348 398
348 353
348 741
348 739
349 741
349 682
350 354
353 741
353 739
354 741
354 717
355 363
356 363
356 643
357 651
358 398
358 505
359 544
360 698
361 368
361 741
363 741
364 811
364 812
364 788
365 764
365 741
365 368
366 398
366 370
368 398
368 758
368 717
368 741
369 398
370 488
371 741
372 373
372 394
373 394
373 382
374 637
374 398
374 682
375 394
375 427
375 398
376 427
376 741
376 398
377 396
377 415
378 637
379 573
379 398
379 470
380 551
380 401
380 396
381 411
381 398
381 399
382 394
383 741
384 422
384 637
384 398
385 395
385 401
385 399
385 427
386 760
386 398
387 401
387 398
388 398
389 760
390 415
391 412
391 551
392 401
392 399
392 395
393 398
393 637
393 741
394 791
394 398
395 794
395 399
397 764
397 398
397 401
398 488
398 791
399 741
399 427
400 401
400 422
400 402
401 406
401 427
402 427
402 717
403 427
403 794
404 405
405 415
406 682
406 427
407 741
407 427
408 412
409 427
410 582
411 412
411 427
412 414
414 764
414 427
416 682
417 741
418 429
419 764
419 741
419 717
420 741
420 427
421 788
421 811
422 427
423 425
424 741
424 717
426 444
428 764
429 764
430 439
430 456
431 582
431 466
432 435
432 450
433 444
434 458
435 444
436 458
436 445
437 452
437 444
438 551
439 741
439 583
439 458
441 460
441 458
442 451
442 458
442 459
443 444
445 812
448 533
448 765
449 622
449 765
449 793
449 452
450 741
450 578
451 764
451 741
453 789
454 582
455 456
455 458
456 458
457 458
458 764
460 765
462 741
462 582
463 588
463 537
464 581
465 470
466 511
466 508
466 505
467 741
467 470
467 505
468 639
468 788
469 741
469 557
469 597
470 638
470 741
471 741
471 505
472 513
472 476
473 741
473 551
474 741
474 551
474 485
475 581
476 758
476 532
476 741
476 717
477 569
478 485
479 583
479 741
479 637
480 741
480 551
481 592
482 513
482 581
483 517
483 551
485 741
486 578
486 521
489 581
490 588
490 589
490 587
491 739
492 759
492 637
493 581
494 578
495 578
495 582
496 551
496 739
496 597
497 597
497 581
498 589
498 588
499 578
500 788
500 582
500 681
500 794
502 588
503 578
504 578
504 590
504 581
505 682
505 788
506 582
507 583
508 741
509 765
510 534
511 597
512 739
513 578
513 582
513 764
514 741
515 717
516 610
517 717
517 563
518 781
518 643
520 592
522 551
523 637
524 788
524 578
524 582
525 741
525 546
526 741
526 632
527 578
528 637
528 582
528 602
531 741
531 551
532 788
532 638
532 791
533 765
534 578
534 638
535 578
536 581
536 681
536 582
537 581
537 582
538 564
539 569
540 598
540 581
541 551
543 739
543 597
544 741
544 739
545 639
545 597
546 597
546 741
547 589
547 554
547 550
547 592
548 589
548 550
549 597
549 592
550 592
551 741
552 701
554 581
554 602
555 632
555 611
556 685
559 601
561 582
562 679
563 682
563 717
566 589
568 794
568 651
568 765
569 741
570 741
570 637
570 602
573 578
576 589
577 611
578 788
579 588
581 717
581 582
585 592
586 588
586 589
587 588
587 589
588 592
588 741
590 788
592 741
592 597
592 637
593 651
593 765
594 671
597 741
599 765
600 809
606 741
608 741
609 788
609 619
610 764
611 741
611 751
612 615
616 760
616 764
617 637
618 619
619 788
622 741
623 741
625 812
625 740
631 741
632 739
632 741
633 637
636 791
637 682
637 741
638 788
639 741
640 741
641 683
644 671
645 763
645 717
646 682
649 764
649 682
650 758
650 741
655 682
656 682
657 682
657 744
657 717
658 687
661 741
662 701
664 717
665 741
666 741
667 683
667 681
668 763
668 716
669 687
669 679
670 683
672 759
674 741
674 758
675 697
675 687
675 707
676 741
679 741
680 741
681 744
681 682
683 794
685 741
688 815
689 696
689 757
689 762
690 741
690 717
691 739
691 741
692 717
694 758
694 741
699 741
700 701
705 739
706 757
707 759
708 759
708 739
709 763
709 758
709 720
711 740
711 741
712 741
714 741
715 741
716 758
716 763
717 741
718 764
718 758
718 741
720 763
722 741
723 741
725 741
726 741
728 741
728 739
730 741
731 744
731 809
733 741
734 744
735 759
735 751
736 767
736 765
736 740
737 794
738 741
739 741
740 744
741 758
746 765
753 809
756 815
758 763
758 764
760 763
761 762
762 767
768 811
768 812
772 800
774 815
780 785
788 791
789 794
789 809
790 812
792 793
792 809
792 808
792 805
793 809
793 811
793 794
794 811
795 809
796 808
796 803
796 809
797 808
797 809
798 802
799 812
799 809
799 811
800 808
801 805
802 811
803 812
803 809
804 811
808 811
808 809
810 811
811 812
