0 256
0 193
0 229
0 227
0 225
1 358
1 316
1 310
1 44
1 741
2 101
2 398
2 741
2 65
2 70
3 557
3 296
3 739
3 764
3 304
4 44
4 277
4 65
4 58
4 741
5 316
5 505
5 9
5 298
5 788
6 171
6 398
6 269
6 368
7 812
7 412
7 201
7 220
7 285
8 573
8 44
8 744
8 277
8 298
9 45
9 207
9 578
9 310
9 298
10 368
10 412
10 815
10 414
10 292
11 211
11 220
11 199
11 97
12 171
12 741
13 44
13 398
13 764
13 741
13 573
14 316
14 505
14 37
14 809
15 398
15 298
15 269
15 277
15 741
16 412
16 365
16 220
16 655
16 790
17 272
17 298
17 92
17 127
18 256
18 310
18 207
19 794
19 578
19 619
19 406
19 427
20 310
20 212
20 368
20 412
20 269
21 563
21 258
21 363
21 272
21 569
22 45
22 201
22 578
22 179
22 212
23 272
23 37
23 35
23 61
23 367
24 213
24 382
24 765
25 602
25 316
25 637
25 764
25 741
26 179
26 227
26 382
26 201
27 339
27 199
27 405
27 368
27 68
28 272
28 37
28 35
29 573
29 637
29 521
29 368
29 101
30 758
30 310
30 763
30 271
30 45
31 256
31 366
31 339
31 415
31 370
32 634
32 227
32 225
33 61
33 227
33 225
33 370
34 368
34 201
34 48
34 199
35 809
35 61
35 382
35 37
36 364
36 217
36 225
36 362
37 394
37 61
37 809
37 256
38 310
38 316
38 578
38 398
38 682
39 48
39 309
39 258
40 571
40 225
40 220
40 202
40 133
41 809
41 741
42 100
42 199
42 563
42 272
42 401
43 578
43 812
43 310
44 298
44 65
44 398
44 127
44 277
45 271
45 310
45 671
45 207
46 582
46 764
46 578
46 269
47 225
47 337
47 211
47 357
48 619
48 414
49 412
49 413
49 141
49 414
49 201
50 398
50 58
50 65
50 127
50 277
51 65
51 717
51 741
51 398
51 277
52 413
52 517
52 383
52 592
52 266
53 348
53 741
53 398
53 379
53 739
54 758
54 488
54 741
54 398
55 741
55 743
55 685
55 368
55 398
56 127
56 298
56 682
56 488
56 277
57 592
57 637
57 353
57 741
57 101
58 277
58 488
58 791
58 65
58 398
59 101
59 739
59 741
59 70
59 255
60 643
60 741
60 70
60 398
60 508
61 370
61 300
61 270
61 256
62 76
62 488
62 398
62 65
63 361
63 101
63 741
63 398
64 791
64 578
64 788
64 298
64 310
65 398
65 488
65 277
66 294
66 508
66 741
66 643
66 70
67 758
67 682
67 763
67 643
68 758
68 220
68 368
68 741
69 294
69 741
69 739
69 255
70 353
70 398
70 741
71 758
71 292
71 294
71 101
71 764
72 791
72 127
72 521
72 298
73 696
73 324
73 479
73 313
73 255
74 602
74 361
74 597
74 637
74 741
75 348
75 363
75 739
75 597
75 759
76 398
76 277
77 764
77 760
77 758
77 763
78 682
78 101
78 741
78 398
78 394
79 551
79 103
79 220
79 550
79 425
80 167
80 83
80 347
80 344
80 418
81 398
81 201
81 220
81 209
81 581
82 225
82 741
82 201
82 220
82 323
83 88
83 597
83 739
83 353
83 101
84 582
84 637
84 374
85 101
85 367
85 270
85 256
86 277
86 374
86 92
86 94
86 582
87 353
87 466
87 396
87 189
88 741
88 220
88 222
88 101
88 201
89 758
89 398
89 508
89 521
89 394
90 225
90 401
90 323
90 101
91 758
91 682
91 101
91 374
91 764
92 791
92 488
92 374
92 398
92 277
93 682
93 271
93 398
94 582
94 374
94 366
94 101
95 398
95 145
95 717
95 258
95 134
96 374
96 741
96 255
96 101
97 690
97 225
97 101
97 717
98 741
98 398
99 267
99 335
99 220
99 798
100 682
100 401
100 416
100 101
100 353
101 398
101 741
101 717
102 696
102 415
102 370
102 227
102 757
103 462
103 425
103 220
103 592
104 111
104 444
104 764
104 127
104 130
105 220
105 741
105 125
105 112
105 296
106 394
106 256
106 272
106 278
106 406
107 760
107 130
107 296
107 764
108 739
108 425
108 112
108 759
109 348
109 741
109 383
109 304
109 399
110 685
110 308
110 739
110 132
110 296
111 300
111 398
111 444
111 298
111 127
112 764
112 127
112 682
112 117
112 398
113 226
113 409
113 133
113 309
113 268
114 277
114 764
114 300
114 444
114 135
115 398
115 741
115 272
115 122
116 296
116 741
116 759
116 348
116 739
117 316
117 310
117 682
117 444
117 398
118 127
118 135
118 300
118 125
118 398
119 300
119 130
119 316
119 788
119 135
120 294
120 324
120 723
120 220
120 132
121 399
121 741
121 398
121 374
121 582
122 127
122 398
122 741
123 269
123 426
123 125
123 422
123 444
124 739
124 764
124 741
124 358
125 682
125 316
125 444
125 398
125 127
126 433
126 444
126 267
126 291
126 135
127 316
127 298
127 398
127 444
127 277
128 376
128 422
128 220
128 384
129 602
129 758
129 682
129 741
130 135
130 444
130 277
130 505
131 602
131 255
131 759
132 741
132 267
132 268
132 309
132 374
133 764
133 741
133 278
133 294
133 272
134 398
134 717
135 278
135 444
135 682
135 277
136 444
136 316
136 682
136 741
136 764
137 284
137 741
137 249
137 316
137 764
138 146
138 165
138 148
138 292
138 222
139 765
139 764
139 163
139 234
139 220
140 764
140 220
140 172
140 154
140 225
141 717
141 419
141 145
141 741
141 146
142 179
142 764
142 205
142 218
142 174
143 210
143 741
143 209
143 398
144 210
144 193
144 488
144 760
145 269
145 764
145 741
145 398
145 717
146 764
146 245
146 210
146 398
146 741
147 249
147 210
147 193
147 269
147 310
148 210
148 374
148 269
148 209
148 682
149 225
149 269
149 249
149 764
149 196
150 172
150 298
150 398
151 298
151 269
151 717
151 225
152 231
152 760
152 154
152 172
153 225
153 174
153 222
153 764
154 210
154 172
154 207
154 193
154 398
155 193
155 298
155 210
155 271
155 207
156 368
156 284
156 165
156 171
156 741
157 760
157 193
157 250
157 269
157 218
158 172
158 763
158 221
158 318
159 210
159 763
159 204
160 194
160 760
160 193
160 183
160 298
161 741
161 764
161 758
161 225
162 412
162 220
162 222
162 450
163 193
163 173
163 210
164 226
164 201
164 249
164 298
164 210
165 741
165 398
165 209
165 758
166 588
166 220
166 199
166 201
167 226
167 220
167 412
167 222
168 269
168 578
168 271
169 206
169 363
170 308
170 206
170 201
170 220
171 194
171 193
171 298
171 210
172 207
172 210
172 209
172 193
173 310
173 207
173 398
173 193
174 205
174 207
174 210
174 212
175 220
175 201
175 304
175 226
176 741
176 201
176 220
177 398
177 201
177 764
177 741
178 209
178 258
178 340
178 218
178 226
179 788
179 210
179 310
179 578
179 212
180 249
180 226
180 220
180 764
181 366
181 651
181 765
181 227
181 206
182 741
182 764
182 222
183 444
183 488
183 298
183 277
184 249
185 405
185 225
185 390
185 370
186 284
186 298
186 682
186 505
186 194
187 444
187 671
187 269
187 250
187 398
188 225
188 282
188 286
188 217
189 199
189 225
190 201
190 250
190 225
191 222
191 220
191 199
192 356
193 316
193 310
193 298
193 207
193 210
194 788
194 210
194 298
195 318
195 760
195 763
196 269
196 210
196 209
196 201
196 398
197 258
197 226
197 222
198 268
198 220
199 212
199 222
199 204
199 741
199 717
200 218
200 205
200 763
201 406
201 398
201 427
201 249
201 374
202 225
202 226
202 390
202 220
203 741
203 225
203 764
203 268
204 625
204 444
204 277
204 298
204 310
205 218
205 237
205 210
206 220
207 210
207 310
208 414
208 225
208 220
209 277
209 298
209 398
209 210
210 298
210 277
210 788
211 226
211 222
211 220
211 412
212 298
212 213
213 433
213 578
213 310
214 414
214 422
215 760
215 668
216 390
216 366
216 227
217 433
217 578
217 285
218 310
218 398
219 228
219 764
219 296
219 225
220 764
220 741
220 398
221 248
221 764
222 250
222 764
222 225
224 225
224 229
224 258
224 227
225 758
225 764
225 269
226 398
226 764
226 258
226 412
227 394
227 415
227 229
228 414
229 488
230 422
230 363
231 758
231 310
231 249
232 637
232 741
232 368
233 419
233 387
234 764
236 398
236 250
238 250
239 368
239 323
240 285
240 248
241 251
242 398
242 250
243 250
244 258
245 277
245 398
245 250
246 298
247 412
247 368
249 316
249 444
249 398
249 310
250 277
250 398
251 671
251 269
251 310
252 387
252 551
252 363
253 398
253 358
254 383
254 296
254 262
254 313
254 363
255 741
255 398
255 597
255 758
256 444
256 298
256 394
256 265
256 300
257 741
257 508
257 760
257 353
258 764
258 269
258 298
258 398
259 266
259 267
259 272
259 309
259 285
260 298
260 270
260 272
260 366
261 290
261 298
261 272
261 278
261 444
262 597
262 368
262 294
262 741
263 274
263 272
263 270
263 266
264 764
264 309
264 304
265 291
265 444
265 298
266 268
266 294
266 741
267 794
267 291
267 303
268 269
268 741
268 368
269 298
269 277
269 398
269 310
269 488
270 394
270 366
271 720
271 298
271 277
271 758
272 682
272 794
272 278
273 278
273 765
273 740
273 291
274 308
274 368
274 339
275 643
275 363
276 741
277 488
277 444
277 298
278 290
278 744
278 316
278 444
278 682
279 304
279 319
279 296
280 298
280 310
280 285
280 309
281 760
281 763
281 682
281 298
282 368
282 308
283 298
283 309
284 298
284 505
284 290
285 788
285 765
285 578
285 310
285 298
286 433
286 765
287 597
287 764
287 739
287 741
288 741
288 290
288 682
289 291
289 296
289 297
290 398
290 682
290 316
290 298
291 316
291 444
291 298
292 398
292 682
293 348
293 346
293 296
293 741
294 398
294 717
294 597
294 741
295 313
295 309
295 368
295 308
296 741
296 758
296 682
296 764
297 444
297 298
298 744
298 444
298 488
299 508
299 741
300 310
300 444
300 316
301 310
301 765
302 763
302 760
303 444
304 346
304 398
304 741
304 310
304 764
305 308
305 365
306 339
306 757
306 308
307 422
307 313
307 741
308 368
308 309
308 758
308 764
309 444
309 758
310 316
311 741
312 741
313 368
313 741
314 333
314 405
314 377
314 380
315 488
315 741
315 444
316 788
316 444
316 682
317 366
317 444
318 720
319 363
319 764
319 383
320 588
320 592
320 550
320 585
321 571
321 332
322 739
322 759
323 398
323 741
323 368
324 682
324 368
324 374
324 741
325 348
325 368
326 412
326 551
326 379
326 348
327 671
328 739
328 353
329 366
329 401
329 333
330 551
330 387
330 383
330 739
331 333
331 412
332 605
332 612
332 347
334 485
334 815
334 551
335 377
335 368
335 557
335 685
336 363
336 347
337 764
338 431
338 461
338 340
339 368
340 461
341 589
341 353
341 363
341 739
342 419
342 363
342 692
342 741
343 368
343 679
344 383
344 348
344 363
345 739
345 758
345 764
345 741
346 764
346 348
346 741
348 398
348 353
348 741
348 739
349 353
349 741
349 682
350 582
350 354
351 422
352 612
353 741
353 739
354 401
354 741
354 717
355 363
356 363
356 643
357 651
358 682
358 398
358 505
359 544
360 698
361 368
361 741
362 809
363 508
363 741
364 811
364 812
364 788
365 368
365 741
365 764
366 717
366 398
366 370
367 370
368 741
368 717
368 398
368 758
369 398
370 488
371 741
372 415
372 373
372 394
373 651
373 382
373 394
374 791
374 637
374 398
374 682
375 791
375 394
375 427
375 398
376 758
376 427
376 741
376 398
377 390
377 396
377 415
378 741
378 637
379 791
379 573
379 398
379 470
380 551
380 401
380 396
381 406
381 411
381 398
381 399
382 794
382 394
383 399
383 741
384 422
384 637
384 398
385 395
385 401
385 399
385 427
386 401
386 760
386 398
387 401
387 398
388 741
388 398
389 668
389 760
390 398
390 415
391 412
391 551
392 401
392 399
392 395
393 398
393 637
393 741
394 791
394 398
395 406
395 794
395 399
397 741
397 764
397 398
397 401
398 488
398 791
399 597
399 741
399 427
400 401
400 422
400 402
401 406
401 427
402 427
402 717
403 427
403 794
404 405
405 415
406 791
406 682
406 427
407 426
407 741
407 427
408 412
409 427
410 582
411 412
411 427
412 427
412 414
413 741
414 788
414 764
414 427
416 682
417 741
418 429
419 717
419 764
419 741
420 741
420 427
421 811
421 788
422 444
422 427
423 796
423 425
424 717
424 741
426 444
427 578
428 444
428 764
429 764
430 458
430 439
430 456
431 582
431 466
432 460
432 435
432 450
433 444
434 458
435 444
436 458
436 445
437 624
437 452
437 444
438 764
438 551
439 741
439 583
439 458
441 458
441 460
442 451
442 458
442 459
443 444
445 812
446 452
448 458
448 533
448 765
449 622
449 765
449 793
449 452
450 741
450 578
451 488
451 764
451 741
453 765
453 789
454 741
454 582
455 458
455 456
456 458
457 458
458 765
458 764
460 671
460 765
461 505
462 741
462 582
463 588
463 537
464 764
464 581
465 470
466 582
466 511
466 508
466 505
467 741
467 470
467 505
468 788
468 639
469 741
469 557
469 597
470 638
470 741
471 534
471 741
471 505
472 513
472 476
473 741
473 551
474 741
474 551
474 485
475 517
475 581
476 682
476 758
476 532
476 741
476 717
477 569
478 671
478 485
479 592
479 637
479 741
479 583
480 551
480 741
481 592
482 581
482 513
483 517
483 551
484 573
485 739
485 741
486 578
486 521
487 578
489 581
490 496
490 588
490 589
490 587
491 764
491 739
492 759
492 637
493 583
493 581
494 578
495 765
495 578
495 582
496 741
496 551
496 739
496 597
497 597
497 581
498 589
498 588
499 578
500 788
500 582
500 681
500 794
502 739
502 588
503 578
504 578
504 590
504 581
505 682
505 788
506 582
507 551
507 583
508 741
509 765
510 534
511 597
512 739
513 741
513 764
513 578
513 582
514 741
515 717
516 741
516 610
517 717
517 563
518 739
518 781
518 643
520 741
520 592
521 791
522 551
523 637
524 788
524 578
524 582
525 741
525 546
526 741
526 632
527 578
528 637
528 582
528 602
530 788
531 741
531 551
532 788
532 638
532 791
533 765
534 638
534 578
535 578
536 581
536 681
536 582
537 581
537 582
538 588
538 564
539 569
540 598
540 581
541 683
541 551
542 573
543 551
543 739
543 597
544 741
544 739
545 639
545 597
546 597
546 741
547 554
547 592
547 589
547 550
548 589
548 550
549 551
549 597
549 592
550 592
551 764
551 741
552 564
552 701
554 681
554 581
554 602
555 581
555 632
555 611
556 685
559 601
561 582
562 679
563 682
563 717
564 569
566 589
568 794
568 651
568 765
569 741
570 741
570 637
570 602
573 578
575 578
576 589
577 611
578 788
579 739
579 588
581 717
581 582
585 592
586 588
586 589
587 588
587 589
588 592
588 741
590 788
592 717
592 741
592 597
592 637
593 765
593 651
594 671
595 741
597 717
597 741
598 764
599 765
600 809
602 741
603 651
606 741
608 741
609 791
609 788
609 619
610 764
611 741
611 751
612 615
616 760
616 764
617 637
618 619
619 791
619 788
621 682
622 741
623 805
623 741
625 740
625 812
626 764
630 682
631 764
631 741
632 739
632 741
633 637
636 791
637 791
637 682
637 741
638 788
639 741
640 741
641 683
642 765
644 671
645 758
645 763
645 717
646 758
646 682
649 656
649 764
649 682
650 758
650 741
655 682
656 682
657 682
657 744
657 717
658 687
661 714
661 741
662 701
664 717
665 741
666 741
667 674
667 683
667 681
668 716
668 763
669 687
669 679
670 683
672 789
672 759
674 741
674 758
675 697
675 687
675 707
676 739
676 741
679 741
680 717
680 741
681 744
681 682
683 794
685 741
688 815
689 696
689 757
689 762
690 741
690 717
691 739
691 741
692 741
692 717
693 741
694 758
694 741
699 741
700 726
700 701
705 739
706 757
707 759
708 759
708 739
709 763
709 758
709 720
711 740
711 741
712 741
714 741
715 763
715 741
716 758
716 763
717 741
718 764
718 758
718 741
720 763
722 741
723 764
723 741
724 728
725 741
726 741
728 741
728 739
730 741
731 744
731 809
733 741
734 744
735 759
735 751
736 767
736 765
736 740
737 794
738 741
739 741
740 744
741 744
741 758
746 765
747 753
753 809
756 815
758 763
758 764
760 763
761 762
762 767
765 812
768 788
768 811
768 812
772 800
774 815
780 785
782 785
788 791
789 809
789 794
790 812
792 794
792 793
792 809
792 808
792 805
793 809
793 811
793 794
794 811
795 809
796 808
796 803
796 809
797 811
797 808
797 809
798 802
799 811
799 812
799 809
800 802
800 808
801 805
802 812
802 811
803 812
803 809
804 811
806 808
808 811
808 809
810 811
811 812
