0 394
0 256
0 765
0 229
0 193
0 227
0 225
1 269
1 358
1 788
1 316
1 310
1 44
1 741
2 764
2 15
2 101
2 398
2 741
2 65
2 70
3 220
3 353
3 557
3 739
3 296
3 764
3 304
4 398
4 637
4 44
4 277
4 65
4 58
4 741
5 44
5 740
5 9
5 298
5 505
5 316
5 788
6 15
6 505
6 171
6 398
6 269
6 368
7 764
7 671
7 412
7 201
7 812
7 220
7 285
8 791
8 277
8 744
8 44
8 209
8 573
8 298
9 788
9 193
9 207
9 45
9 578
9 310
9 298
10 141
10 368
10 412
10 815
10 414
10 292
11 304
11 423
11 211
11 220
11 199
11 97
12 245
12 582
12 741
12 171
13 127
13 368
13 398
13 44
13 764
13 741
13 573
14 35
14 809
14 505
14 37
14 316
14 788
15 717
15 398
15 298
15 269
15 277
15 741
16 48
16 201
16 412
16 365
16 220
16 655
16 790
17 316
17 92
17 277
17 298
17 272
17 127
18 298
18 229
18 256
18 207
18 310
19 374
19 201
19 794
19 578
19 619
19 406
19 427
20 717
20 310
20 212
20 368
20 412
20 269
21 225
21 513
21 563
21 258
21 363
21 272
21 569
22 213
22 578
22 212
22 291
22 201
22 179
22 45
23 564
23 225
23 272
23 37
23 35
23 61
23 367
24 227
24 433
24 213
24 382
24 765
25 101
25 682
25 602
25 316
25 637
25 764
25 741
26 412
26 179
26 227
26 382
26 201
27 404
27 225
27 339
27 199
27 405
27 368
27 68
28 364
28 765
28 272
28 37
28 35
29 339
29 37
29 573
29 637
29 521
29 368
29 101
30 207
30 298
30 758
30 310
30 763
30 271
30 45
31 225
31 256
31 366
31 339
31 415
31 370
32 367
32 552
32 225
32 227
32 634
33 339
33 229
33 61
33 227
33 225
33 370
34 637
34 225
34 368
34 201
34 48
34 199
35 300
35 809
35 382
35 61
35 753
35 37
36 196
36 201
36 364
36 217
36 225
36 362
37 272
37 382
37 394
37 61
37 809
37 256
38 193
38 791
38 310
38 316
38 578
38 398
38 682
39 298
39 48
39 309
39 258
40 743
40 68
40 571
40 225
40 220
40 202
40 133
41 508
41 805
41 809
41 741
42 412
42 100
42 199
42 563
42 272
42 401
43 803
43 578
43 310
43 229
43 812
44 791
44 54
44 298
44 65
44 398
44 127
44 277
45 763
45 578
45 271
45 310
45 671
45 207
46 310
46 682
46 582
46 269
46 764
46 578
47 502
47 598
47 357
47 337
47 211
47 225
48 298
48 542
48 619
48 414
49 146
49 427
49 412
49 141
49 414
49 201
49 413
50 582
50 284
50 277
50 398
50 58
50 127
50 65
51 76
51 54
51 717
51 277
51 398
51 65
51 741
52 588
52 413
52 517
52 551
52 383
52 592
52 266
53 63
53 739
53 379
53 398
53 348
53 521
53 741
54 277
54 65
54 758
54 488
54 741
54 398
55 267
55 741
55 743
55 685
55 368
55 398
56 760
56 444
56 127
56 298
56 682
56 488
56 277
57 361
57 255
57 592
57 637
57 353
57 741
57 101
58 310
58 277
58 488
58 398
58 791
58 65
59 294
59 741
59 348
59 739
59 255
59 101
59 70
60 488
60 726
60 643
60 741
60 70
60 398
60 508
61 726
61 398
61 270
61 300
61 370
61 256
62 366
62 277
62 488
62 76
62 398
62 65
63 65
63 741
63 361
63 101
63 717
63 398
64 764
64 791
64 316
64 578
64 788
64 298
64 310
65 741
65 398
65 488
65 277
66 353
66 508
66 294
66 70
66 741
66 643
67 764
67 741
67 682
67 758
67 763
67 643
68 764
68 398
68 741
68 220
68 758
68 368
69 398
69 294
69 741
69 739
69 255
70 101
70 353
70 398
70 741
71 637
71 758
71 292
71 294
71 101
71 764
72 765
72 298
72 444
72 521
72 791
72 127
73 220
73 262
73 696
73 324
73 479
73 313
73 255
74 602
74 361
74 597
74 637
74 741
75 399
75 741
75 348
75 363
75 739
75 597
75 759
76 290
76 277
76 398
77 682
77 764
77 760
77 758
77 763
78 101
78 682
78 741
78 398
78 394
79 496
79 363
79 220
79 103
79 550
79 551
79 425
80 383
80 83
80 167
80 344
80 347
80 418
81 222
81 758
81 398
81 201
81 220
81 209
81 581
82 368
82 201
82 220
82 741
82 262
82 323
82 225
83 690
83 398
83 101
83 88
83 739
83 597
83 353
84 466
84 101
84 582
84 637
84 374
85 94
85 101
85 367
85 270
85 256
86 370
86 794
86 277
86 374
86 92
86 94
86 582
87 226
87 353
87 88
87 466
87 396
87 189
88 739
88 225
88 101
88 222
88 220
88 741
88 201
89 278
89 394
89 398
89 521
89 760
89 508
89 758
90 272
90 101
90 323
90 401
90 225
91 394
91 758
91 682
91 101
91 374
91 764
92 101
92 127
92 791
92 488
92 374
92 398
92 277
93 741
93 682
93 101
93 271
93 398
94 277
94 366
94 101
94 726
94 374
94 582
95 101
95 145
95 258
95 398
95 134
95 717
96 551
96 374
96 741
96 255
96 101
97 476
97 269
97 690
97 225
97 101
97 717
98 508
98 760
98 741
98 398
99 266
99 323
99 798
99 335
99 220
99 267
100 419
100 294
100 682
100 401
100 416
100 101
100 353
101 277
101 488
101 398
101 741
101 717
102 368
102 377
102 696
102 415
102 370
102 227
102 757
103 220
103 425
103 462
103 146
103 592
104 316
104 639
104 764
104 444
104 111
104 127
104 130
105 626
105 226
105 220
105 741
105 125
105 112
105 296
106 300
106 227
106 394
106 256
106 272
106 278
106 406
107 763
107 682
107 760
107 130
107 296
107 764
108 226
108 496
108 739
108 425
108 112
108 759
109 112
109 346
109 348
109 741
109 383
109 304
109 399
110 346
110 544
110 685
110 308
110 739
110 132
110 296
111 791
111 127
111 444
111 300
111 316
111 298
111 398
112 374
112 406
112 764
112 127
112 682
112 117
112 398
113 308
113 133
113 226
113 409
113 309
113 268
113 413
114 130
114 315
114 764
114 444
114 300
114 277
114 135
115 398
115 741
115 272
115 122
116 255
116 294
116 741
116 296
116 759
116 348
116 739
117 277
117 316
117 127
117 310
117 682
117 444
117 398
118 682
118 127
118 135
118 300
118 125
118 398
119 794
119 310
119 300
119 130
119 316
119 788
119 135
120 268
120 385
120 294
120 324
120 723
120 220
120 132
121 444
121 399
121 741
121 398
121 374
121 582
122 597
122 127
122 398
122 741
123 394
123 310
123 426
123 444
123 125
123 422
123 269
124 383
124 255
124 739
124 764
124 741
124 358
125 744
125 398
125 127
125 374
125 444
125 316
125 682
126 265
126 403
126 433
126 444
126 267
126 291
126 135
127 791
127 298
127 277
127 444
127 316
127 398
128 294
128 132
128 376
128 422
128 220
128 384
129 637
129 132
129 602
129 682
129 758
129 741
130 682
130 277
130 135
130 505
130 316
130 444
131 315
131 602
131 255
131 759
132 630
132 741
132 267
132 682
132 268
132 309
132 374
133 278
133 741
133 764
133 294
133 272
134 374
134 741
134 398
134 717
135 298
135 278
135 444
135 682
135 277
136 758
136 444
136 316
136 682
136 741
136 764
137 788
137 284
137 231
137 741
137 249
137 316
137 764
138 353
138 209
138 148
138 165
138 146
138 292
138 222
139 249
139 217
139 163
139 234
139 764
139 220
139 765
140 222
140 414
140 764
140 220
140 172
140 154
140 225
141 294
141 717
141 419
141 145
141 741
141 146
142 153
142 237
142 179
142 764
142 205
142 218
142 174
143 758
143 573
143 741
143 210
143 398
143 209
144 155
144 682
144 760
144 488
144 210
144 193
145 146
145 717
145 398
145 269
145 764
145 741
146 277
146 269
146 210
146 398
146 764
146 245
146 741
147 788
147 210
147 249
147 193
147 269
147 310
148 578
148 788
148 269
148 374
148 210
148 209
148 682
149 741
149 225
149 269
149 249
149 764
149 196
150 763
150 488
150 298
150 172
150 398
151 210
151 741
151 269
151 717
151 225
151 298
152 201
152 231
152 154
152 172
152 760
153 226
153 225
153 222
153 764
153 199
153 174
154 201
154 310
154 207
154 193
154 210
154 172
154 398
155 183
155 271
155 210
155 298
155 207
155 193
155 310
156 764
156 269
156 368
156 284
156 165
156 171
156 741
157 488
157 763
157 760
157 193
157 250
157 269
157 218
158 172
158 763
158 221
158 318
159 179
159 210
159 763
159 204
160 271
160 194
160 760
160 193
160 183
160 298
161 196
161 209
161 741
161 764
161 758
161 225
162 764
162 201
162 412
162 220
162 222
162 450
163 209
163 237
163 210
163 173
163 193
164 165
164 227
164 249
164 226
164 210
164 298
164 201
165 269
165 741
165 398
165 209
165 758
166 525
166 588
166 220
166 199
166 201
167 764
167 412
167 220
167 226
167 222
168 210
168 212
168 578
168 271
168 269
169 239
169 363
169 206
169 196
170 235
170 208
170 308
170 206
170 201
170 220
171 209
171 398
171 194
171 193
171 298
171 210
172 271
172 298
172 207
172 210
172 209
172 193
173 298
173 209
173 310
173 207
173 398
173 193
174 218
174 213
174 205
174 207
174 210
174 212
175 239
175 304
175 201
175 412
175 220
175 226
176 226
176 196
176 220
176 741
176 201
177 196
177 284
177 398
177 201
177 764
177 741
178 222
178 433
178 209
178 258
178 340
178 218
178 226
179 433
179 406
179 788
179 210
179 310
179 578
179 212
180 764
180 249
180 226
180 258
180 220
181 262
181 220
181 366
181 651
181 765
181 227
181 206
182 201
182 741
182 764
182 222
183 210
183 193
183 444
183 488
183 298
183 277
184 231
184 225
184 249
185 415
185 225
185 405
185 390
185 370
185 366
186 209
186 758
186 194
186 682
186 505
186 298
186 284
187 444
187 201
187 671
187 269
187 250
187 398
188 226
188 222
188 225
188 282
188 286
188 217
189 764
189 643
189 199
189 225
190 209
190 250
190 225
190 201
191 225
191 383
191 199
191 220
191 222
192 220
192 356
193 398
193 316
193 310
193 298
193 207
193 210
194 791
194 271
194 788
194 210
194 298
195 643
195 271
195 318
195 760
195 763
196 249
196 310
196 269
196 210
196 209
196 201
196 398
197 225
197 258
197 226
197 222
198 226
198 268
198 220
199 412
199 225
199 212
199 222
199 204
199 741
199 717
200 204
200 212
200 205
200 218
200 763
201 406
201 398
201 427
201 249
201 374
202 231
202 206
202 225
202 390
202 226
202 220
203 758
203 741
203 225
203 764
203 268
204 212
204 298
204 444
204 210
204 277
204 310
204 625
205 212
205 248
205 218
205 237
205 210
206 655
206 220
207 277
207 398
207 210
207 310
208 222
208 414
208 225
208 220
209 791
209 298
209 210
209 277
209 250
209 398
210 444
210 298
210 277
210 788
211 226
211 222
211 220
211 412
212 578
212 444
212 298
212 213
213 788
213 433
213 578
213 310
214 225
214 220
214 414
214 422
215 219
215 760
215 645
215 668
216 390
216 366
216 227
217 812
217 433
217 578
217 285
218 316
218 682
218 310
218 398
219 296
219 228
219 225
219 764
219 220
220 557
220 249
220 741
220 398
220 764
221 764
221 248
221 758
222 398
222 250
222 227
222 764
222 225
224 765
224 225
224 229
224 258
224 227
225 339
225 227
225 758
225 764
225 269
226 298
226 582
226 398
226 764
226 258
226 412
227 291
227 310
227 394
227 415
227 229
228 292
228 414
229 444
229 256
229 488
230 258
230 422
230 363
231 298
231 310
231 758
231 249
232 245
232 368
232 637
232 398
232 741
233 508
233 419
233 387
234 764
235 304
236 242
236 250
236 398
237 248
238 758
238 250
239 323
239 368
240 713
240 285
240 248
241 612
241 266
241 251
242 398
242 250
243 249
243 250
244 258
245 269
245 398
245 741
245 277
245 250
246 250
246 298
247 412
247 368
249 298
249 406
249 398
249 310
249 316
249 444
250 488
250 269
250 277
250 398
251 671
251 269
251 310
252 391
252 387
252 551
252 363
253 358
253 398
254 698
254 687
254 383
254 296
254 262
254 313
254 363
255 277
255 637
255 741
255 398
255 597
255 758
256 444
256 265
256 765
256 298
256 300
256 394
257 643
257 739
257 741
257 508
257 760
257 353
258 444
258 316
258 764
258 269
258 298
258 398
259 286
259 765
259 266
259 267
259 272
259 309
259 285
260 278
260 265
260 298
260 270
260 272
260 366
261 298
261 290
261 272
261 278
261 444
262 277
262 294
262 368
262 398
262 597
262 741
263 288
263 272
263 270
263 266
263 274
264 765
264 272
264 764
264 309
264 304
265 488
265 291
265 682
265 444
265 298
266 363
266 274
266 268
266 294
266 741
267 285
267 290
267 794
267 291
267 303
268 366
268 309
268 269
268 741
268 368
269 444
269 290
269 298
269 277
269 398
269 310
269 488
270 300
270 394
270 366
271 720
271 298
271 277
271 758
272 444
272 682
272 794
272 278
273 444
273 278
273 765
273 740
273 291
274 294
274 741
274 308
274 368
274 339
275 276
275 363
275 643
276 366
276 741
277 682
277 488
277 444
277 298
278 740
278 290
278 744
278 316
278 444
278 682
279 764
279 304
279 319
279 296
280 310
280 298
280 630
280 285
280 309
281 758
281 298
281 763
281 760
281 682
282 309
282 765
282 308
282 368
283 444
283 309
283 298
284 791
284 444
284 298
284 505
284 290
285 765
285 788
285 578
285 310
285 298
286 301
286 433
286 765
287 758
287 310
287 597
287 764
287 739
287 741
288 794
288 398
288 290
288 741
288 682
289 811
289 291
289 296
289 297
290 744
290 398
290 682
290 316
290 298
291 310
291 671
291 316
291 444
291 298
292 316
292 298
292 398
292 682
293 739
293 521
293 348
293 346
293 296
293 741
294 374
294 398
294 717
294 597
294 741
295 758
295 308
295 309
295 313
295 368
296 758
296 764
296 741
296 682
297 300
297 444
297 298
298 316
298 744
298 444
298 488
299 764
299 508
299 741
300 744
300 310
300 444
300 316
301 310
301 765
302 394
302 760
302 763
303 406
303 444
304 412
304 717
304 764
304 741
304 346
304 310
304 398
305 365
305 333
305 308
306 333
306 339
306 757
306 308
307 444
307 313
307 422
307 741
308 368
308 309
308 758
308 764
309 310
309 444
309 758
310 398
310 791
310 316
311 717
311 741
312 741
313 368
313 741
314 569
314 333
314 405
314 377
314 380
315 791
315 488
315 741
315 444
316 788
316 444
316 682
317 366
317 444
318 763
318 720
319 741
319 363
319 764
319 383
320 589
320 588
320 592
320 550
320 585
321 357
321 571
321 332
322 379
322 416
322 739
322 759
323 582
323 366
323 398
323 741
323 368
324 726
324 682
324 368
324 374
324 741
325 346
325 348
325 368
326 412
326 551
326 379
326 348
327 758
327 671
328 363
328 739
328 353
329 348
329 367
329 366
329 401
329 333
330 759
330 739
330 353
330 383
330 551
330 387
331 578
331 333
331 412
332 359
332 605
332 612
332 347
333 366
334 371
334 485
334 815
334 551
335 739
335 368
335 377
335 557
335 685
336 697
336 363
336 347
337 764
338 431
338 461
338 340
339 366
339 361
339 368
340 720
340 461
341 356
341 739
341 589
341 353
341 363
342 363
342 419
342 764
342 692
342 741
343 368
343 679
344 741
344 348
344 762
344 363
344 383
345 597
345 739
345 758
345 764
345 741
346 758
346 764
346 348
346 741
347 434
347 363
348 398
348 353
348 741
348 739
349 401
349 353
349 741
349 682
350 713
350 582
350 354
351 581
351 624
351 422
352 363
352 365
352 612
353 398
353 741
353 739
354 488
354 358
354 401
354 741
354 717
355 383
355 363
356 643
356 363
357 367
357 651
358 788
358 505
358 398
358 682
359 544
359 589
360 698
361 744
361 368
361 741
362 364
362 809
363 764
363 508
363 741
364 427
364 811
364 812
364 788
365 368
365 741
365 764
366 488
366 394
366 717
366 398
366 370
367 415
367 370
368 741
368 717
368 398
368 758
369 741
369 398
370 398
370 488
371 741
372 382
372 394
372 373
372 415
373 415
373 765
373 651
373 382
373 394
374 444
374 791
374 637
374 398
374 682
375 401
375 791
375 394
375 427
375 398
376 597
376 758
376 427
376 741
376 398
377 382
377 405
377 390
377 396
377 415
378 398
378 637
378 741
379 394
379 791
379 573
379 398
379 470
380 551
380 401
380 396
381 427
381 382
381 406
381 411
381 398
381 399
382 651
382 794
382 394
383 739
383 399
383 741
384 741
384 422
384 637
384 398
385 398
385 414
385 401
385 395
385 399
385 427
386 488
386 401
386 760
386 398
387 427
387 401
387 398
388 760
388 637
388 741
388 398
389 668
389 760
390 394
390 398
390 415
391 422
391 393
391 412
391 551
392 741
392 401
392 399
392 395
393 401
393 398
393 637
393 741
394 791
394 398
395 406
395 794
395 399
397 741
397 764
397 398
397 401
398 741
398 488
398 791
399 597
399 741
399 427
400 764
400 401
400 422
400 402
401 741
401 444
401 406
401 427
402 414
402 422
402 427
402 717
403 444
403 427
403 794
404 415
404 521
404 405
405 415
406 791
406 682
406 427
407 414
407 426
407 741
407 427
408 412
409 422
409 427
410 791
410 582
411 427
411 412
412 764
412 414
412 427
413 582
413 741
414 422
414 788
414 764
414 427
416 637
416 682
417 484
417 427
417 741
418 429
418 620
419 764
419 741
419 717
420 597
420 741
420 427
421 758
421 811
421 788
422 433
422 444
422 427
423 796
423 425
424 427
424 717
424 741
426 791
426 444
427 444
427 788
427 578
428 581
428 444
428 764
429 764
430 439
430 458
430 434
430 456
431 739
431 582
431 466
432 624
432 450
432 458
432 435
432 460
433 671
433 444
434 764
434 458
435 741
435 488
435 444
436 452
436 624
436 458
436 445
437 451
437 452
437 624
437 444
438 551
438 764
439 764
439 741
439 583
439 458
440 764
441 458
441 460
442 458
442 459
442 764
442 451
443 582
443 444
444 488
444 682
445 812
446 458
446 452
448 746
448 765
448 533
448 458
449 622
449 765
449 793
449 452
450 671
450 764
450 741
450 578
451 488
451 764
451 741
453 789
453 765
453 809
454 741
454 582
455 460
455 458
455 456
456 533
456 458
457 459
457 458
458 764
458 765
459 764
460 671
460 765
461 484
461 505
462 508
462 741
462 582
463 551
463 588
463 537
464 764
464 581
465 488
465 470
466 511
466 488
466 508
466 582
466 505
467 602
467 470
467 741
467 505
468 578
468 788
468 639
469 557
469 741
469 597
470 505
470 521
470 638
470 741
471 717
471 638
471 534
471 741
471 505
472 616
472 513
472 476
473 741
473 551
474 508
474 741
474 551
474 485
475 511
475 517
475 581
476 717
476 682
476 758
476 741
476 532
476 505
477 551
477 569
478 682
478 671
478 485
479 551
479 592
479 637
479 741
479 583
480 551
480 741
481 592
482 764
482 581
482 513
483 517
483 551
484 573
485 739
485 741
486 642
486 578
486 521
487 534
487 578
488 682
489 627
489 581
490 551
490 497
490 496
490 588
490 589
490 587
491 764
491 739
492 637
492 759
492 655
493 587
493 583
493 581
494 637
494 578
495 600
495 765
495 578
495 582
496 582
496 741
496 551
496 739
496 597
497 639
497 581
497 597
498 615
498 589
498 588
499 557
499 578
500 557
500 788
500 582
500 681
500 794
502 508
502 739
502 588
503 638
503 578
504 551
504 582
504 581
504 578
504 590
505 788
505 740
505 682
506 582
507 551
507 583
508 741
509 765
510 578
510 534
511 597
512 551
512 739
513 741
513 764
513 578
513 582
514 741
515 588
515 717
516 741
516 610
517 741
517 717
517 563
518 760
518 739
518 781
518 643
519 655
520 637
520 741
520 592
521 791
522 551
523 597
523 583
523 637
524 791
524 788
524 578
524 582
525 739
525 546
525 741
525 597
526 739
526 741
526 632
527 557
527 578
528 741
528 637
528 582
528 602
529 551
530 788
531 582
531 741
531 551
532 788
532 638
532 791
533 746
533 765
534 638
534 578
535 741
535 578
536 682
536 581
536 681
536 582
537 717
537 581
537 582
538 588
538 564
539 569
540 598
540 581
541 569
541 683
541 551
542 788
542 578
542 573
543 597
543 551
543 739
544 741
544 739
545 639
545 597
546 741
546 739
546 597
547 554
547 592
547 589
547 550
548 569
548 589
548 550
548 551
549 551
549 597
549 592
550 592
551 582
551 764
551 741
552 564
552 701
553 592
554 681
554 581
554 602
555 581
555 632
555 611
556 696
556 685
559 601
560 592
561 582
561 741
562 679
563 682
563 717
564 569
565 582
566 589
568 651
568 765
568 794
569 741
570 809
570 741
570 637
570 602
572 603
572 634
573 791
573 578
574 582
575 578
576 589
577 611
578 791
578 788
579 739
579 588
581 682
581 582
581 717
585 588
585 592
586 588
586 589
587 588
587 589
588 592
588 741
590 788
592 741
592 717
592 637
592 597
593 765
593 651
594 600
594 671
595 638
595 741
597 717
597 741
598 741
598 764
599 765
600 809
601 637
601 764
602 637
602 682
602 741
603 765
603 651
605 612
606 741
608 741
609 791
609 788
609 619
610 764
611 639
611 741
611 751
612 615
616 760
616 764
617 637
618 637
618 619
619 682
619 791
619 788
621 682
622 626
622 764
622 741
623 805
623 741
623 764
624 717
625 740
625 812
626 764
627 764
629 741
630 682
631 637
631 741
631 764
632 739
632 741
633 637
635 764
636 791
637 741
637 682
637 791
637 744
638 791
638 788
639 741
640 741
641 683
642 765
643 741
644 682
644 671
645 760
645 758
645 763
645 717
646 717
646 758
646 682
649 656
649 764
649 682
650 741
650 758
651 765
652 741
655 682
656 682
657 788
657 741
657 682
657 744
657 717
658 687
660 741
661 741
661 714
662 664
662 701
663 741
664 741
664 717
665 741
666 764
666 744
666 741
667 674
667 683
667 681
668 716
668 763
669 687
669 679
670 683
672 789
672 759
674 741
674 758
675 707
675 687
675 697
676 764
676 739
676 741
678 686
679 741
680 717
680 741
681 788
681 744
681 682
683 794
684 686
685 741
687 741
688 815
689 696
689 757
689 762
690 741
690 717
691 741
691 739
692 741
692 717
693 741
694 741
694 758
694 764
697 739
697 726
699 741
700 741
700 726
700 701
705 739
706 757
707 759
708 759
708 739
709 763
709 758
709 720
711 740
711 741
712 741
714 741
715 763
715 741
716 763
716 758
717 741
718 763
718 764
718 758
718 741
719 754
720 758
720 763
722 764
722 741
723 764
723 741
724 728
725 758
725 741
726 744
726 741
728 741
728 739
730 733
730 741
731 764
731 744
731 809
733 764
733 739
733 741
734 741
734 744
735 739
735 751
735 759
736 809
736 740
736 765
736 767
737 794
738 741
739 741
740 741
740 744
741 744
741 758
742 758
743 744
746 765
747 765
747 753
753 765
753 809
755 791
756 815
758 763
758 764
760 763
761 762
762 767
765 812
768 788
768 811
768 812
772 800
774 815
780 785
782 785
788 791
789 811
789 809
789 794
790 812
792 811
792 793
792 794
792 809
792 808
792 805
793 808
793 809
793 811
793 794
794 811
795 809
796 797
796 809
796 808
796 803
797 803
797 811
797 808
797 809
798 811
798 802
799 811
799 812
799 809
800 802
800 808
801 805
802 810
802 812
802 811
803 812
803 809
804 811
806 811
806 808
808 811
808 809
810 812
810 811
811 812
