0 291
0 578
0 265
0 300
0 310
0 394
0 765
0 298
0 256
0 5
0 229
0 193
0 227
0 225
1 811
1 269
1 398
1 8
1 505
1 298
1 193
1 758
1 358
1 788
1 316
1 310
1 44
1 741
2 637
2 368
2 815
2 51
2 15
2 741
2 398
2 101
2 277
2 764
2 70
2 353
2 65
2 508
3 602
3 485
3 220
3 345
3 741
3 222
3 383
3 173
3 353
3 557
3 739
3 296
3 764
3 304
4 744
4 791
4 44
4 54
4 56
4 58
4 65
4 488
4 298
4 741
4 398
4 682
4 637
4 277
5 444
5 744
5 682
5 578
5 44
5 291
5 794
5 15
5 740
5 9
5 298
5 505
5 316
5 788
6 291
6 764
6 44
6 269
6 15
6 505
6 398
6 45
6 173
6 578
6 171
6 5
6 414
6 368
7 578
7 788
7 204
7 213
7 310
7 226
7 304
7 764
7 671
7 412
7 201
7 812
7 220
7 285
8 58
8 578
8 488
8 791
8 277
8 573
8 209
8 298
8 744
8 682
8 44
8 398
8 316
8 740
9 316
9 671
9 791
9 578
9 210
9 45
9 573
9 298
9 5
9 269
9 310
9 788
9 207
9 193
10 476
10 220
10 182
10 365
10 550
10 551
10 292
10 368
10 361
10 141
10 412
10 414
10 2
10 815
11 68
11 551
11 97
11 412
11 387
11 146
11 247
11 199
11 211
11 423
11 10
11 220
11 304
11 141
12 117
12 44
12 398
12 744
12 805
12 294
12 146
12 582
12 5
12 245
12 741
12 4
12 2
12 171
13 444
13 310
13 298
13 505
13 316
13 758
13 44
13 127
13 277
13 573
13 764
13 741
13 368
13 398
14 12
14 272
14 15
14 61
14 291
14 225
14 741
14 35
14 809
14 5
14 505
14 37
14 316
14 788
15 368
15 682
15 310
15 44
15 744
15 717
15 398
15 488
15 5
15 278
15 298
15 269
15 741
15 277
16 182
16 793
16 331
16 371
16 26
16 414
16 22
16 201
16 365
16 48
16 220
16 655
16 412
16 790
17 300
17 791
17 8
17 582
17 272
17 741
17 277
17 316
17 92
17 398
17 298
17 744
17 127
17 15
18 444
18 812
18 204
18 406
18 426
18 227
18 394
18 9
18 256
18 229
18 207
18 5
18 310
18 298
19 401
19 422
19 382
19 5
19 316
19 339
19 368
19 406
19 201
19 794
19 427
19 374
19 619
19 578
20 613
20 578
20 484
20 758
20 5
20 298
20 269
20 9
20 412
20 417
20 368
20 310
20 212
20 717
21 369
21 46
21 564
21 333
21 419
21 401
21 63
21 225
21 513
21 563
21 258
21 363
21 272
21 569
22 682
22 285
22 269
22 48
22 267
22 671
22 45
22 578
22 213
22 212
22 291
22 201
22 179
22 298
23 5
23 256
23 634
23 382
23 396
23 225
23 415
23 564
23 31
23 272
23 37
23 35
23 61
23 367
24 286
24 298
24 212
24 578
24 285
24 179
24 9
24 227
24 18
24 433
24 382
24 213
24 5
24 765
25 284
25 277
25 791
25 58
25 249
25 4
25 682
25 602
25 101
25 582
25 316
25 637
25 764
25 741
26 18
26 368
26 35
26 220
26 43
26 229
26 655
26 5
26 412
26 179
26 227
26 382
26 201
26 24
27 226
27 764
27 367
27 601
27 266
27 68
27 225
27 323
27 199
27 404
27 339
27 405
27 368
27 377
28 310
28 671
28 45
28 0
28 364
28 9
28 225
28 37
28 809
28 5
28 291
28 765
28 272
28 35
29 62
29 250
29 582
29 682
29 367
29 573
29 521
29 33
29 37
29 637
29 339
29 368
29 741
29 101
30 682
30 173
30 720
30 56
30 269
30 573
30 193
30 45
30 271
30 758
30 207
30 763
30 298
30 310
31 272
31 265
31 56
31 227
31 765
31 0
31 339
31 256
31 370
31 5
31 367
31 415
31 225
31 366
32 229
32 339
32 256
32 415
32 5
32 0
32 552
32 23
32 227
32 225
32 367
32 396
32 31
32 634
33 744
33 37
33 488
33 250
33 0
33 61
33 225
33 227
33 5
33 298
33 339
33 368
33 370
33 229
34 331
34 22
34 45
34 578
34 655
34 38
34 227
34 637
34 225
34 368
34 201
34 48
34 199
34 25
35 229
35 367
35 765
35 225
35 600
35 227
35 256
35 300
35 809
35 5
35 382
35 61
35 753
35 37
36 346
36 304
36 412
36 15
36 43
36 569
36 364
36 225
36 196
36 201
36 217
36 5
36 362
36 22
37 505
37 316
37 127
37 5
37 582
37 310
37 382
37 300
37 272
37 394
37 61
37 809
37 256
37 35
38 758
38 8
38 298
38 412
38 791
38 573
38 54
38 56
38 193
38 310
38 316
38 578
38 398
38 682
39 578
39 249
39 226
39 15
39 225
39 310
39 163
39 5
39 298
39 48
39 309
39 258
39 22
39 9
40 294
40 211
40 266
40 276
40 68
40 743
40 571
40 220
40 356
40 225
40 386
40 259
40 202
40 133
41 764
41 146
41 37
41 225
41 201
41 145
41 508
41 717
41 805
41 5
41 809
41 741
41 2
41 15
42 2
42 564
42 145
42 409
42 267
42 220
42 100
42 199
42 22
42 563
42 225
42 272
42 412
42 401
43 193
43 213
43 791
43 204
43 298
43 45
43 227
43 803
43 578
43 310
43 229
43 812
43 5
43 9
44 290
44 488
44 316
44 127
44 573
44 65
44 741
44 298
44 791
44 277
44 398
44 193
44 54
44 758
45 5
45 44
45 155
45 30
45 210
45 9
45 763
45 310
45 788
45 207
45 271
45 671
45 758
45 578
46 590
46 298
46 444
46 333
46 717
46 285
46 682
46 582
46 764
46 5
46 578
46 269
46 258
46 310
47 588
47 525
47 220
47 363
47 264
47 25
47 502
47 14
47 357
47 225
47 551
47 337
47 211
47 598
48 201
48 316
48 788
48 310
48 179
48 682
48 433
48 15
48 542
48 22
48 414
48 5
48 619
48 298
49 220
49 222
49 427
49 57
49 551
49 414
49 585
49 413
49 412
49 141
49 146
49 154
49 201
49 402
50 488
50 76
50 65
50 741
50 298
50 127
50 398
50 717
50 277
50 44
50 582
50 58
50 101
50 284
51 682
51 127
51 58
51 597
51 488
51 44
51 758
51 717
51 54
51 76
51 277
51 398
51 65
51 741
52 141
52 70
52 182
52 413
52 517
52 402
52 400
52 551
52 383
52 266
52 588
52 592
52 101
52 363
53 508
53 401
53 270
53 255
53 567
53 368
53 394
53 63
53 739
53 379
53 398
53 348
53 521
53 741
54 717
54 298
54 65
54 277
54 758
54 58
54 44
54 310
54 127
54 51
54 488
54 791
54 741
54 398
55 597
55 262
55 310
55 38
55 602
55 739
55 578
55 743
55 9
55 741
55 685
55 368
55 398
55 267
56 54
56 44
56 791
56 65
56 265
56 127
56 298
56 256
56 760
56 398
56 444
56 682
56 488
56 277
57 398
57 374
57 739
57 63
57 2
57 262
57 592
57 637
57 201
57 101
57 353
57 741
57 361
57 255
58 290
58 316
58 44
58 127
58 298
58 682
58 54
58 269
58 310
58 277
58 488
58 398
58 791
58 65
59 399
59 220
59 262
59 597
59 398
59 383
59 363
59 294
59 741
59 348
59 739
59 255
59 101
59 70
60 127
60 582
60 255
60 394
60 51
60 597
60 294
60 508
60 488
60 643
60 70
60 398
60 726
60 741
61 272
61 582
61 394
61 809
61 35
61 127
61 366
61 726
61 398
61 270
61 37
61 300
61 370
61 256
62 370
62 44
62 101
62 54
62 741
62 368
62 717
62 76
62 277
62 488
62 398
62 65
62 51
62 366
63 740
63 744
63 637
63 488
63 791
63 277
63 597
63 65
63 741
63 361
63 101
63 58
63 717
63 398
64 54
64 285
64 758
64 791
64 764
64 682
64 209
64 316
64 398
64 573
64 578
64 788
64 298
64 310
65 758
65 290
65 51
65 791
65 284
65 76
65 44
65 488
65 127
65 58
65 398
65 741
65 54
65 277
66 739
66 51
66 101
66 56
66 764
66 2
66 353
66 262
66 60
66 508
66 294
66 70
66 741
66 643
67 444
67 726
67 150
67 760
67 764
67 682
67 58
67 117
67 741
67 56
67 758
67 763
67 65
67 643
68 717
68 225
68 758
68 412
68 368
68 398
68 741
68 171
68 764
68 726
68 220
68 54
68 154
68 258
69 597
69 764
69 165
69 54
69 353
69 739
69 65
69 70
69 363
69 294
69 76
69 741
69 398
69 255
70 643
70 60
70 637
70 374
70 294
70 255
70 101
70 597
70 2
70 353
70 398
70 65
70 741
70 51
71 50
71 739
71 597
71 637
71 296
71 398
71 741
71 65
71 58
71 758
71 292
71 294
71 101
71 764
72 290
72 56
72 394
72 741
72 398
72 758
72 444
72 298
72 765
72 54
72 521
72 791
72 127
72 65
73 363
73 702
73 255
73 324
73 220
73 313
73 696
73 262
73 268
73 274
73 479
73 59
73 383
73 685
74 582
74 573
74 101
74 339
74 398
74 602
74 25
74 637
74 597
74 361
74 521
74 63
74 764
74 741
75 54
75 25
75 294
75 296
75 220
75 379
75 255
75 759
75 597
75 399
75 363
75 739
75 741
75 348
76 744
76 791
76 573
76 284
76 741
76 488
76 298
76 277
76 290
76 51
76 65
76 44
76 398
76 54
77 720
77 488
77 51
77 54
77 56
77 682
77 65
77 277
77 764
77 763
77 760
77 758
77 741
77 398
78 508
78 717
78 60
78 758
78 58
78 294
78 488
78 398
78 682
78 394
78 51
78 741
78 65
78 101
79 324
79 754
79 687
79 409
79 385
79 90
79 525
79 496
79 363
79 220
79 103
79 550
79 551
79 425
80 326
80 89
80 502
80 220
80 190
80 529
80 83
80 167
80 40
80 383
80 344
80 347
80 356
80 418
81 791
81 222
81 220
81 758
81 226
81 209
81 201
81 674
81 741
81 236
81 399
81 398
81 269
81 581
82 68
82 258
82 551
82 484
82 249
82 154
82 173
82 368
82 201
82 220
82 741
82 262
82 323
82 225
83 92
83 294
83 602
83 122
83 741
83 485
83 60
83 690
83 398
83 101
83 88
83 739
83 597
83 353
84 145
84 278
84 744
84 225
84 94
84 70
84 101
84 637
84 374
84 582
84 621
84 37
84 2
84 466
85 382
85 262
85 370
85 394
85 37
85 367
85 508
85 809
85 256
85 61
85 94
85 270
85 714
85 101
86 744
86 309
86 811
86 488
86 741
86 101
86 374
86 277
86 315
86 94
86 794
86 92
86 370
86 582
87 89
87 405
87 100
87 77
87 668
87 2
87 70
87 226
87 353
87 88
87 466
87 396
87 60
87 189
88 353
88 815
88 60
88 717
88 101
88 201
88 220
88 222
88 225
88 764
88 375
88 741
88 739
88 294
89 310
89 470
89 227
89 379
89 794
89 56
89 373
89 278
89 394
89 398
89 521
89 760
89 508
89 758
90 92
90 637
90 368
90 366
90 717
90 398
90 94
90 272
90 101
90 323
90 401
90 63
90 62
90 225
91 98
91 739
91 368
91 92
91 366
91 682
91 758
91 563
91 764
91 394
91 101
91 374
91 58
91 398
92 597
92 300
92 56
92 717
92 505
92 269
92 374
92 682
92 488
92 791
92 101
92 127
92 398
92 277
93 394
93 597
93 758
93 277
93 505
93 101
93 682
93 741
93 65
93 51
93 488
93 271
93 58
93 398
94 86
94 637
94 370
94 272
94 401
94 508
94 398
94 277
94 366
94 101
94 726
94 374
94 582
94 92
95 2
95 369
95 402
95 690
95 101
95 717
95 63
95 258
95 764
95 145
95 15
95 398
95 134
95 122
96 764
96 262
96 101
96 398
96 51
96 15
96 488
96 741
96 374
96 63
96 551
96 717
96 255
96 92
97 368
97 92
97 201
97 419
97 269
97 508
97 476
97 51
97 225
97 222
97 101
97 717
97 62
97 690
98 250
98 791
98 143
98 44
98 741
98 51
98 508
98 101
98 760
98 277
98 65
98 597
98 398
98 58
99 384
99 226
99 258
99 399
99 323
99 187
99 25
99 798
99 267
99 266
99 335
99 220
99 796
99 410
100 741
100 145
100 764
100 739
100 717
100 682
100 401
100 294
100 416
100 419
100 225
100 51
100 101
100 353
101 597
101 361
101 682
101 758
101 63
101 488
101 277
101 58
101 637
101 65
101 398
101 741
101 717
101 51
102 339
102 390
102 101
102 686
102 382
102 379
102 368
102 377
102 370
102 227
102 225
102 415
102 696
102 757
103 324
103 96
103 425
103 551
103 101
103 220
103 141
103 592
103 146
103 476
103 462
103 57
103 413
103 380
104 399
104 56
104 130
104 488
104 764
104 398
104 117
104 639
104 300
104 741
104 444
104 111
104 127
104 316
105 272
105 726
105 267
105 671
105 292
105 127
105 374
105 220
105 226
105 626
105 741
105 125
105 112
105 296
106 764
106 291
106 382
106 794
106 300
106 316
106 135
106 227
106 256
106 394
106 406
106 272
106 278
106 682
107 294
107 125
107 682
107 739
107 353
107 760
107 77
107 56
107 130
107 272
107 763
107 296
107 616
107 764
108 60
108 348
108 296
108 624
108 220
108 226
108 199
108 304
108 496
108 739
108 425
108 53
108 112
108 759
109 358
109 398
109 412
109 581
109 255
109 258
109 399
109 764
109 383
109 112
109 741
109 346
109 304
109 348
110 287
110 384
110 309
110 308
110 296
110 739
110 280
110 399
110 264
110 544
110 363
110 346
110 132
110 685
111 682
111 505
111 117
111 488
111 398
111 316
111 444
111 127
111 791
111 310
111 300
111 58
111 298
111 290
112 758
112 394
112 427
112 58
112 125
112 374
112 310
112 127
112 117
112 764
112 682
112 406
112 398
112 741
113 412
113 148
113 414
113 66
113 400
113 225
113 758
113 308
113 133
113 226
113 409
113 309
113 268
113 413
114 626
114 127
114 582
114 717
114 764
114 374
114 444
114 315
114 135
114 741
114 300
114 277
114 130
114 298
115 70
115 125
115 122
115 278
115 272
115 65
115 398
115 270
115 63
115 101
115 112
115 741
115 127
115 394
116 346
116 304
116 125
116 112
116 685
116 255
116 262
116 348
116 741
116 739
116 296
116 294
116 288
116 759
117 488
117 193
117 374
117 427
117 300
117 791
117 277
117 682
117 444
117 58
117 310
117 127
117 316
117 398
118 316
118 398
118 278
118 272
118 117
118 125
118 127
118 300
118 135
118 682
118 444
118 427
118 193
118 112
119 298
119 811
119 303
119 290
119 791
119 682
119 127
119 130
119 310
119 300
119 316
119 788
119 135
119 794
120 616
120 384
120 255
120 276
120 296
120 272
120 764
120 268
120 324
120 385
120 294
120 723
120 220
120 132
121 791
121 278
121 127
121 112
121 597
121 682
121 444
121 117
121 58
121 399
121 741
121 398
121 374
121 582
122 791
122 505
122 597
122 637
122 63
122 277
122 262
122 51
122 741
122 127
122 398
122 717
122 101
122 294
123 290
123 112
123 316
123 764
123 147
123 249
123 398
123 394
123 310
123 426
123 444
123 125
123 422
123 269
124 294
124 220
124 383
124 720
124 739
124 255
124 269
124 122
124 759
124 296
124 130
124 764
124 741
124 358
125 277
125 310
125 300
125 135
125 298
125 741
125 290
125 744
125 398
125 127
125 374
125 444
125 316
125 682
126 452
126 403
126 272
126 794
126 303
126 265
126 436
126 309
126 624
126 433
126 444
126 267
126 291
126 135
127 290
127 56
127 505
127 65
127 682
127 300
127 488
127 44
127 791
127 298
127 277
127 444
127 316
127 398
128 413
128 400
128 585
128 112
128 117
128 132
128 376
128 384
128 220
128 422
128 201
128 346
128 294
128 405
129 681
129 112
129 284
129 682
129 132
129 125
129 117
129 58
129 602
129 741
129 758
129 764
129 637
129 65
130 740
130 488
130 291
130 788
130 300
130 298
130 290
130 682
130 277
130 135
130 505
130 316
130 127
130 444
131 117
131 597
131 374
131 375
131 626
131 741
131 127
131 759
131 255
131 315
131 125
131 112
131 130
131 602
132 201
132 412
132 309
132 741
132 758
132 267
132 268
132 15
132 269
132 764
132 682
132 630
132 308
132 374
133 444
133 65
133 309
133 15
133 294
133 245
133 741
133 127
133 278
133 298
133 764
133 269
133 621
133 272
134 597
134 58
134 621
134 127
134 278
134 744
134 741
134 374
134 70
134 51
134 101
134 398
134 65
134 717
135 794
135 740
135 291
135 278
135 316
135 277
135 300
135 505
135 127
135 682
135 444
135 310
135 130
135 298
136 563
136 278
136 398
136 412
136 717
136 427
136 505
136 758
136 127
136 444
136 316
136 682
136 741
136 764
137 183
137 578
137 358
137 812
137 193
137 444
137 310
137 788
137 284
137 231
137 741
137 249
137 316
137 764
138 308
138 70
138 220
138 226
138 292
138 199
138 165
138 250
138 148
138 353
138 222
138 209
138 146
138 661
139 237
139 280
139 196
139 224
139 249
139 264
139 304
139 231
139 217
139 163
139 234
139 764
139 220
139 765
140 201
140 179
140 253
140 412
140 173
140 168
140 222
140 414
140 231
140 764
140 220
140 172
140 154
140 225
141 249
141 262
141 363
141 201
141 222
141 508
141 551
141 294
141 101
141 717
141 419
141 145
141 741
141 146
142 204
142 426
142 9
142 248
142 221
142 45
142 310
142 205
142 218
142 179
142 174
142 153
142 764
142 237
143 9
143 269
143 310
143 298
143 277
143 573
143 741
143 210
143 193
143 758
143 54
143 44
143 398
143 209
144 205
144 44
144 237
144 155
144 763
144 271
144 172
144 183
144 682
144 760
144 488
144 210
144 56
144 193
145 444
145 427
145 278
145 258
145 249
145 15
145 582
145 597
145 146
145 717
145 398
145 269
145 764
145 741
146 744
146 582
146 717
146 222
146 183
146 741
146 210
146 209
146 277
146 225
146 398
146 764
146 245
146 269
147 791
147 277
147 578
147 193
147 444
147 9
147 316
147 788
147 758
147 210
147 310
147 269
147 249
147 298
148 172
148 398
148 201
148 298
148 245
148 578
148 758
148 277
148 788
148 269
148 374
148 210
148 209
148 682
149 758
149 245
149 210
149 222
149 146
149 225
149 310
149 154
149 741
149 362
149 269
149 249
149 764
149 196
150 760
150 682
150 193
150 154
150 44
150 398
150 298
150 277
150 56
150 488
150 65
150 183
150 172
150 763
151 222
151 277
151 204
151 444
151 298
151 269
151 250
151 225
151 210
151 209
151 146
151 717
151 143
151 741
152 159
152 245
152 199
152 231
152 165
152 201
152 220
152 148
152 760
152 257
152 146
152 154
152 172
152 210
153 433
153 249
153 212
153 412
153 210
153 231
153 179
153 226
153 147
153 225
153 222
153 764
153 199
153 174
154 758
154 764
154 310
154 227
154 222
154 210
154 209
154 207
154 398
154 201
154 193
154 173
154 172
154 45
155 269
155 56
155 173
155 45
155 578
155 277
155 310
155 298
155 271
155 210
155 209
155 207
155 193
155 183
156 758
156 210
156 65
156 398
156 196
156 245
156 368
156 764
156 209
156 269
156 284
156 165
156 171
156 741
157 179
157 290
157 278
157 758
157 764
157 250
157 760
157 682
157 218
157 269
157 298
157 193
157 488
157 763
158 142
158 195
158 178
158 45
158 219
158 763
158 237
158 318
158 173
158 172
158 155
158 154
158 221
158 271
159 212
159 8
159 172
159 204
159 15
159 199
159 179
159 578
159 764
159 763
159 154
159 741
159 148
159 210
160 763
160 172
160 210
160 271
160 183
160 298
160 193
160 155
160 194
160 56
160 812
160 760
160 444
160 318
161 156
161 412
161 308
161 398
161 68
161 172
161 225
161 209
161 196
161 741
161 368
161 154
161 758
161 764
162 199
162 217
162 225
162 146
162 145
162 258
162 764
162 422
162 201
162 153
162 412
162 220
162 222
162 450
163 298
163 758
163 154
163 218
163 310
163 205
163 209
163 207
163 237
163 143
163 210
163 173
163 155
163 193
164 209
164 309
164 484
164 245
164 183
164 204
164 236
164 165
164 227
164 249
164 226
164 210
164 298
164 201
165 250
165 573
165 284
165 210
165 368
165 245
165 76
165 741
165 398
165 209
165 269
165 44
165 143
165 758
166 226
166 387
166 182
166 141
166 220
166 201
166 588
166 199
166 222
166 551
166 146
166 165
166 525
166 592
167 741
167 153
167 764
167 258
167 222
167 226
167 412
167 304
167 148
167 249
167 220
167 199
167 348
167 145
168 217
168 45
168 212
168 271
168 194
168 269
168 148
168 298
168 578
168 210
168 193
168 172
168 179
168 155
169 149
169 589
169 346
169 161
169 203
169 226
169 236
169 239
169 146
169 363
169 145
169 141
169 206
169 196
170 412
170 181
170 346
170 211
170 264
170 239
170 296
170 235
170 208
170 148
170 308
170 206
170 201
170 220
171 488
171 271
171 155
171 758
171 65
171 741
171 44
171 398
171 763
171 209
171 210
171 298
171 194
171 193
172 398
172 758
172 173
172 183
172 193
172 298
172 155
172 207
172 209
172 210
172 271
172 318
172 148
172 154
173 9
173 154
173 269
173 573
173 210
173 155
173 298
173 758
173 201
173 209
173 310
173 207
173 398
173 193
174 9
174 147
174 155
174 213
174 212
174 210
174 209
174 207
174 218
174 205
174 204
174 310
174 45
174 179
175 346
175 225
175 153
175 199
175 222
175 196
175 422
175 239
175 304
175 173
175 201
175 412
175 220
175 226
176 222
176 592
176 292
176 368
176 805
176 294
176 182
176 226
176 220
176 145
176 201
176 146
176 741
176 196
177 298
177 551
177 637
177 741
177 201
177 582
177 788
177 196
177 717
177 398
177 284
177 226
177 764
177 145
178 217
178 205
178 183
178 227
178 269
178 220
178 209
178 433
178 145
178 222
178 258
178 340
178 218
178 226
179 201
179 682
179 269
179 218
179 227
179 433
179 578
179 213
179 212
179 210
179 298
179 310
179 406
179 788
180 741
180 346
180 153
180 365
180 147
180 581
180 151
180 145
180 764
180 146
180 249
180 226
180 258
180 220
181 225
181 256
181 249
181 262
181 603
181 229
181 201
181 382
181 220
181 366
181 651
181 765
181 227
181 206
182 250
182 151
182 225
182 245
182 414
182 220
182 398
182 2
182 741
182 146
182 201
182 764
182 222
182 145
183 582
183 316
183 269
183 398
183 207
183 155
183 488
183 209
183 444
183 210
183 193
183 298
183 56
183 277
184 154
184 149
184 764
184 758
184 196
184 209
184 201
184 172
184 173
184 163
184 225
184 249
184 231
184 148
185 154
185 396
185 308
185 227
185 31
185 377
185 339
185 405
185 225
185 415
185 62
185 390
185 370
185 366
186 56
186 316
186 398
186 44
186 791
186 271
186 193
186 758
186 194
186 284
186 682
186 505
186 298
186 209
187 764
187 127
187 298
187 290
187 600
187 316
187 426
187 201
187 444
187 183
187 671
187 269
187 250
187 398
188 174
188 220
188 148
188 229
188 282
188 212
188 159
188 172
188 222
188 810
188 225
188 226
188 286
188 217
189 551
189 145
189 150
189 741
189 70
189 60
189 225
189 146
189 764
189 199
189 508
189 172
189 2
189 643
190 390
190 173
190 196
190 161
190 154
190 368
190 209
190 370
190 171
190 172
190 250
190 225
190 148
190 201
191 805
191 255
191 739
191 387
191 145
191 741
191 225
191 68
191 383
191 146
191 199
191 220
191 222
191 60
192 211
192 258
192 177
192 661
192 171
192 228
192 414
192 189
192 141
192 152
192 356
192 201
192 154
192 220
193 578
193 9
193 227
193 682
193 791
193 209
193 788
193 316
193 310
193 298
193 398
193 44
193 207
193 210
194 155
194 186
194 398
194 212
194 209
194 183
194 207
194 271
194 791
194 44
194 788
194 210
194 193
194 298
195 144
195 150
195 643
195 271
195 257
195 172
195 56
195 302
195 763
195 758
195 781
195 218
195 760
195 318
196 758
196 250
196 58
196 222
196 210
196 269
196 209
196 398
196 207
196 201
196 154
196 427
196 310
196 249
197 172
197 167
197 412
197 222
197 223
197 182
197 226
197 227
197 236
197 258
197 163
197 196
197 387
197 225
198 159
198 171
198 217
198 68
198 220
198 203
198 201
198 226
198 148
198 268
198 196
198 172
198 165
198 154
199 358
199 368
199 551
199 398
199 151
199 427
199 412
199 764
199 225
199 212
199 222
199 204
199 741
199 717
200 183
200 204
200 205
200 248
200 764
200 210
200 179
200 212
200 444
200 218
200 237
200 174
200 763
200 291
201 269
201 227
201 207
201 209
201 154
201 788
201 619
201 310
201 173
201 406
201 398
201 427
201 249
201 374
202 183
202 209
202 216
202 181
202 356
202 161
202 236
202 231
202 206
202 225
202 390
202 172
202 226
202 220
203 220
203 145
203 368
203 149
203 15
203 758
203 146
203 258
203 154
203 225
203 741
203 764
203 173
203 268
204 213
204 179
204 269
204 218
204 207
204 45
204 9
204 212
204 298
204 444
204 210
204 277
204 310
204 625
205 291
205 155
205 218
205 788
205 179
205 212
205 237
205 310
205 316
205 193
205 248
205 271
205 207
205 210
206 346
206 262
206 33
206 225
206 201
206 199
206 141
206 368
206 655
206 220
206 181
206 61
206 308
206 222
207 227
207 310
207 45
207 210
207 298
207 9
207 44
207 398
207 155
207 578
207 193
207 788
207 277
207 791
208 164
208 136
208 227
208 274
208 206
208 148
208 220
208 222
208 225
208 226
208 199
208 412
208 414
208 201
209 444
209 578
209 788
209 310
209 488
209 250
209 210
209 398
209 298
209 269
209 193
209 277
209 143
209 791
210 284
210 269
210 578
210 398
210 9
210 44
210 788
210 193
210 298
210 155
210 444
210 209
210 277
210 207
211 304
211 175
211 201
211 225
211 146
211 258
211 247
211 412
211 68
211 226
211 222
211 220
211 199
211 196
212 269
212 204
212 45
212 9
212 210
212 578
212 209
212 213
212 298
212 788
212 310
212 265
212 179
212 444
213 671
213 316
213 285
213 788
213 433
213 9
213 212
213 179
213 248
213 201
213 578
213 310
213 406
213 204
214 427
214 141
214 409
214 206
214 225
214 401
214 258
214 226
214 220
214 414
214 145
214 422
214 201
214 146
215 70
215 257
215 189
215 763
215 760
215 219
215 302
215 668
215 645
215 77
215 158
215 643
215 150
215 195
216 196
216 298
216 368
216 682
216 148
216 269
216 398
216 193
216 210
216 390
216 209
216 5
216 366
216 227
217 269
217 310
217 193
217 148
217 210
217 155
217 179
217 433
217 285
217 788
217 812
217 578
217 201
217 168
218 758
218 298
218 204
218 210
218 269
218 179
218 212
218 316
218 682
218 205
218 310
218 193
218 9
218 398
219 616
219 805
219 161
219 296
219 145
219 764
219 225
219 154
219 231
219 228
219 760
219 146
219 189
219 220
220 412
220 294
220 226
220 231
220 227
220 222
220 398
220 201
220 741
220 146
220 145
220 764
220 557
220 249
221 222
221 173
221 183
221 179
221 237
221 231
221 763
221 210
221 218
221 154
221 764
221 248
221 174
221 758
222 193
222 310
222 427
222 146
222 758
222 201
222 398
222 227
222 250
222 764
222 249
222 209
222 225
222 154
223 231
223 220
223 204
223 222
223 171
223 172
223 173
223 210
223 209
223 183
223 207
223 225
223 148
223 201
224 218
224 379
224 249
224 671
224 5
224 542
224 37
224 765
224 229
224 193
224 227
224 225
224 210
224 258
225 682
225 398
225 310
225 222
225 15
225 339
225 366
225 227
225 5
225 229
225 764
225 201
225 758
225 269
226 204
226 269
226 309
226 484
226 741
226 671
226 249
226 398
226 582
226 298
226 764
226 258
226 183
226 412
227 179
227 5
227 298
227 256
227 291
227 207
227 310
227 316
227 193
227 382
227 394
227 398
227 415
227 229
228 227
228 226
228 225
228 414
228 172
228 220
228 171
228 196
228 163
228 154
228 144
228 201
228 258
228 292
229 809
229 212
229 444
229 210
229 225
229 298
229 300
229 310
229 256
229 5
229 227
229 488
229 209
229 193
230 196
230 427
230 671
230 201
230 226
230 551
230 222
230 220
230 398
230 422
230 363
230 764
230 146
230 258
231 578
231 173
231 207
231 154
231 183
231 210
231 209
231 155
231 298
231 310
231 9
231 758
231 193
231 249
232 262
232 353
232 739
232 368
232 741
232 532
232 637
232 245
232 255
232 398
232 101
232 294
232 758
232 165
233 249
233 764
233 292
233 245
233 187
233 112
233 387
233 226
233 222
233 508
233 220
233 60
233 419
233 2
234 146
234 398
234 210
234 218
234 249
234 209
234 764
234 227
234 225
234 222
234 220
234 237
234 154
234 231
235 249
235 414
235 222
235 239
235 177
235 156
235 175
235 304
235 581
235 226
235 206
235 201
235 220
235 141
236 196
236 269
236 245
236 193
236 172
236 368
236 741
236 398
236 250
236 210
236 209
236 171
236 165
236 242
237 154
237 229
237 788
237 763
237 163
237 218
237 227
237 209
237 207
237 205
237 193
237 248
237 155
237 210
238 245
238 65
238 231
238 788
238 398
238 277
238 271
238 154
238 193
238 758
238 250
238 183
238 209
238 210
239 304
239 2
239 296
239 262
239 196
239 764
239 146
239 220
239 199
239 414
239 323
239 159
239 201
239 368
240 286
240 433
240 245
240 412
240 223
240 226
240 285
240 22
240 220
240 713
240 248
240 212
240 148
240 164
241 347
241 223
241 252
241 587
241 189
241 589
241 226
241 206
241 211
241 220
241 251
241 612
241 175
241 266
242 222
242 379
242 220
242 227
242 226
242 398
242 250
242 183
242 578
242 193
242 236
242 151
242 249
242 209
243 179
243 207
243 764
243 310
243 250
243 508
243 210
243 209
243 222
243 193
243 183
243 174
243 249
243 398
244 398
244 187
244 412
244 226
244 196
244 422
244 222
244 146
244 164
244 220
244 179
244 227
244 201
244 258
245 764
245 374
245 791
245 44
245 209
245 298
245 758
245 269
245 65
245 398
245 741
245 277
245 210
245 250
246 277
246 619
246 791
246 374
246 398
246 193
246 201
246 171
246 210
246 744
246 183
246 245
246 298
246 250
247 237
247 398
247 210
247 165
247 220
247 227
247 45
247 201
247 245
247 171
247 222
247 412
247 368
247 209
248 444
248 812
248 310
248 298
248 285
248 212
248 205
248 147
248 210
248 237
248 213
248 179
248 218
248 788
249 245
249 277
249 741
249 758
249 210
249 290
249 764
249 298
249 201
249 398
249 406
249 310
249 316
249 444
250 741
250 374
250 210
250 682
250 193
250 298
250 44
250 488
250 269
250 207
250 277
250 209
250 398
250 245
251 196
251 163
251 193
251 247
251 671
251 146
251 245
251 310
251 398
251 220
251 269
251 204
251 201
251 143
252 146
252 60
252 412
252 145
252 182
252 206
252 391
252 551
252 220
252 387
252 363
252 141
252 2
252 222
253 764
253 427
253 505
253 398
253 358
253 414
253 154
253 551
253 227
253 222
253 532
253 220
253 201
253 249
254 268
254 308
254 345
254 728
254 588
254 313
254 383
254 296
254 687
254 698
254 262
254 266
254 679
254 363
255 368
255 284
255 739
255 294
255 277
255 101
255 764
255 51
255 637
255 54
255 741
255 398
255 597
255 758
256 600
256 488
256 278
256 270
256 366
256 277
256 127
256 56
256 444
256 265
256 765
256 298
256 300
256 394
257 398
257 245
257 51
257 101
257 763
257 294
257 70
257 739
257 760
257 741
257 508
257 60
257 643
257 353
258 310
258 284
258 671
258 682
258 758
258 272
258 398
258 298
258 15
258 764
258 269
258 316
258 444
258 291
259 333
259 298
259 132
259 412
259 308
259 38
259 303
259 309
259 266
259 267
259 272
259 765
259 286
259 285
260 290
260 262
260 394
260 225
260 300
260 278
260 15
260 309
260 272
260 270
260 265
260 298
260 366
260 256
261 183
261 744
261 277
261 269
261 444
261 298
261 15
261 488
261 398
261 278
261 258
261 290
261 309
261 272
262 255
262 758
262 277
262 15
262 505
262 637
262 597
262 398
262 682
262 294
262 368
262 717
262 764
262 741
263 309
263 256
263 366
263 260
263 225
263 276
263 264
263 60
263 288
263 262
263 272
263 270
263 266
263 274
264 262
264 758
264 412
264 37
264 304
264 741
264 15
264 272
264 765
264 764
264 309
264 363
264 225
264 258
265 127
265 135
265 272
265 303
265 300
265 444
265 765
265 488
265 298
265 56
265 256
265 682
265 277
265 291
266 764
266 368
266 592
266 597
266 262
266 225
266 274
266 741
266 15
266 294
266 309
266 363
266 220
266 268
267 578
267 444
267 681
267 406
267 272
267 682
267 290
267 298
267 285
267 794
267 291
267 265
267 303
267 135
268 582
268 278
268 758
268 15
268 368
268 366
268 262
268 398
268 269
268 309
268 225
268 294
268 741
268 701
269 573
269 717
269 682
269 444
269 758
269 58
269 791
269 65
269 290
269 298
269 277
269 398
269 310
269 488
270 367
270 370
270 809
270 298
270 741
270 398
270 394
270 256
270 127
270 300
270 366
270 265
270 37
270 61
271 488
271 44
271 763
271 56
271 54
271 318
271 193
271 791
271 210
271 155
271 720
271 298
271 277
271 758
272 298
272 394
272 794
272 15
272 682
272 291
272 444
272 488
272 290
272 5
272 278
272 56
272 256
272 265
273 290
273 272
273 256
273 316
273 681
273 262
273 765
273 258
273 740
273 5
273 278
273 309
273 444
273 291
274 353
274 323
274 255
274 764
274 262
274 308
274 294
274 225
274 339
274 401
274 15
274 101
274 741
274 368
275 262
275 356
275 220
275 60
275 266
275 643
275 264
275 363
275 257
275 739
275 25
275 276
275 274
275 263
276 62
276 401
276 398
276 225
276 363
276 220
276 260
276 366
276 272
276 743
276 741
276 270
276 268
276 262
277 740
277 682
277 44
277 269
277 51
277 791
277 65
277 741
277 505
277 488
277 127
277 444
277 398
277 298
278 272
278 741
278 717
278 300
278 298
278 488
278 316
278 740
278 135
278 277
278 744
278 290
278 444
278 682
279 302
279 461
279 301
279 412
279 258
279 167
279 226
279 421
279 225
279 764
279 304
279 319
279 296
279 264
280 226
280 444
280 741
280 346
280 283
280 15
280 20
280 258
280 269
280 310
280 298
280 630
280 285
280 309
281 65
281 183
281 210
281 758
281 488
281 760
281 763
281 269
281 56
281 298
281 277
281 278
281 720
281 682
282 222
282 256
282 265
282 382
282 315
282 264
282 274
282 309
282 227
282 225
282 765
282 308
282 368
282 270
283 277
283 183
283 444
283 309
283 281
283 285
283 291
283 671
283 297
283 758
283 269
283 265
283 258
283 298
284 316
284 269
284 758
284 741
284 682
284 488
284 444
284 398
284 791
284 65
284 277
284 505
284 290
284 298
285 433
285 179
285 5
285 671
285 213
285 309
285 765
285 267
285 269
285 298
285 578
285 310
285 788
285 9
286 160
286 212
286 298
286 812
286 229
286 433
286 24
286 301
286 213
286 168
286 265
286 285
286 227
286 765
287 363
287 741
287 602
287 739
287 597
287 310
287 304
287 521
287 63
287 366
287 262
287 758
287 682
287 764
288 394
288 277
288 444
288 267
288 255
288 794
288 56
288 398
288 278
288 290
288 272
288 741
288 127
288 682
289 794
289 683
289 37
289 310
289 309
289 764
289 297
289 296
289 444
289 291
289 811
289 288
289 272
289 269
290 127
290 65
290 44
290 744
290 444
290 505
290 791
290 284
290 269
290 398
290 277
290 682
290 316
290 298
291 256
291 135
291 277
291 488
291 269
291 740
291 310
291 671
291 682
291 290
291 316
291 444
291 298
291 265
292 758
292 284
292 44
292 277
292 741
292 58
292 298
292 791
292 316
292 398
292 269
292 278
292 290
292 682
293 674
293 664
293 353
293 220
293 366
293 521
293 346
293 348
293 165
293 739
293 741
293 470
293 296
293 255
294 758
294 739
294 255
294 637
294 764
294 277
294 398
294 262
294 741
294 682
294 717
294 597
294 374
294 51
295 258
295 256
295 268
295 313
295 269
295 758
295 262
295 171
295 308
295 366
295 309
295 156
295 741
295 368
296 290
296 444
296 758
296 269
296 764
296 294
296 682
296 278
296 348
296 739
296 292
296 288
296 741
296 262
297 284
297 309
297 488
297 741
297 582
297 269
297 290
297 288
297 298
297 300
297 278
297 277
297 444
297 272
298 210
298 573
298 682
298 791
298 488
298 444
298 127
298 277
298 316
298 193
298 744
298 183
298 290
298 582
299 739
299 269
299 255
299 682
299 284
299 292
299 281
299 60
299 508
299 758
299 296
299 222
299 764
299 741
300 809
300 488
300 310
300 744
300 406
300 398
300 298
300 791
300 256
300 682
300 277
300 127
300 444
300 316
301 812
301 218
301 720
301 30
301 213
301 9
301 318
301 248
301 765
301 179
301 45
301 310
301 285
301 286
302 290
302 398
302 269
302 310
302 316
302 218
302 444
302 394
302 300
302 193
302 278
302 760
302 298
302 763
303 278
303 794
303 135
303 406
303 300
303 256
303 682
303 298
303 5
303 578
303 267
303 444
303 272
303 265
304 739
304 54
304 758
304 15
304 226
304 258
304 358
304 412
304 717
304 764
304 741
304 346
304 310
304 398
305 262
305 276
305 757
305 268
305 275
305 282
305 68
305 263
305 259
305 365
305 274
305 266
305 333
305 308
306 262
306 263
306 308
306 333
306 339
306 259
306 313
306 266
306 274
306 765
306 225
306 282
306 757
306 285
307 671
307 261
307 764
307 346
307 290
307 630
307 280
307 258
307 741
307 269
307 422
307 444
307 226
307 313
308 682
308 274
308 269
308 285
308 741
308 366
308 262
308 148
308 268
308 368
308 309
308 225
308 758
308 764
309 291
309 758
309 573
309 183
309 277
309 285
309 582
309 310
309 488
309 269
309 265
309 256
309 444
309 298
310 578
310 300
310 277
310 316
310 791
310 788
310 444
310 298
310 207
310 682
310 398
310 269
310 193
310 9
311 315
311 304
311 758
311 366
311 300
311 15
311 249
311 278
311 298
311 717
311 310
311 741
311 262
311 269
312 300
312 112
312 717
312 809
312 304
312 744
312 225
312 310
312 278
312 5
312 741
312 258
312 269
312 272
313 258
313 290
313 308
313 764
313 366
313 15
313 348
313 278
313 368
313 262
313 268
313 269
313 309
313 741
314 404
314 762
314 363
314 552
314 308
314 262
314 264
314 569
314 268
314 333
314 405
314 274
314 377
314 380
315 682
315 256
315 300
315 278
315 582
315 284
315 741
315 56
315 488
315 444
315 791
315 298
315 764
315 277
316 277
316 398
316 744
316 298
316 193
316 127
316 791
316 290
316 505
316 300
316 788
316 444
316 310
316 682
317 741
317 578
317 398
317 291
317 258
317 284
317 316
317 290
317 269
317 671
317 298
317 366
317 444
317 183
318 54
318 56
318 781
318 210
318 172
318 207
318 193
318 763
318 758
318 183
318 155
318 720
318 271
318 298
319 60
319 281
319 258
319 284
319 739
319 51
319 363
319 296
319 304
319 741
319 294
319 255
319 764
319 383
320 199
320 363
320 353
320 220
320 615
320 592
320 589
320 588
320 587
320 585
320 313
320 266
320 550
320 517
321 275
321 352
321 689
321 308
321 306
321 274
321 560
321 282
321 357
321 266
321 305
321 571
321 332
321 259
322 255
322 484
322 226
322 551
322 274
322 741
322 412
322 70
322 759
322 199
322 739
322 379
322 416
322 60
323 2
323 44
323 582
323 682
323 637
323 366
323 277
323 15
323 65
323 298
323 269
323 398
323 741
323 368
324 262
324 278
324 268
324 758
324 637
324 15
324 726
324 323
324 682
324 294
324 368
324 374
324 741
324 255
325 294
325 690
325 365
325 363
325 269
325 15
325 145
325 348
325 717
325 324
325 46
325 368
325 346
325 262
326 411
326 304
326 741
326 739
326 369
326 551
326 379
326 112
326 348
326 764
326 398
326 222
326 225
326 412
327 720
327 711
327 271
327 488
327 461
327 15
327 741
327 671
327 258
327 269
327 758
327 54
327 310
327 9
328 220
328 342
328 353
328 363
328 551
328 739
328 741
328 294
328 597
328 70
328 255
328 266
328 101
328 588
329 409
329 264
329 267
329 363
329 401
329 367
329 366
329 764
329 296
329 262
329 348
329 225
329 333
329 272
330 363
330 387
330 384
330 383
330 220
330 353
330 739
330 348
330 112
330 685
330 728
330 708
330 551
330 759
331 45
331 204
331 269
331 433
331 310
331 333
331 267
331 46
331 285
331 412
331 48
331 578
331 303
331 213
332 305
332 175
332 333
332 635
332 254
332 347
332 612
332 266
332 264
332 605
332 263
332 591
332 359
332 211
333 268
333 135
333 542
333 339
333 267
333 262
333 269
333 366
333 15
333 5
333 46
333 225
333 285
333 272
334 101
334 534
334 552
334 199
334 739
334 400
334 136
334 371
334 141
334 485
334 182
334 70
334 815
334 551
335 795
335 368
335 377
335 685
335 410
335 521
335 741
335 412
335 304
335 262
335 557
335 220
335 739
335 394
336 268
336 348
336 728
336 252
336 347
336 363
336 206
336 66
336 320
336 274
336 697
336 266
336 220
336 325
337 269
337 365
337 68
337 384
337 346
337 262
337 268
337 225
337 764
337 222
337 220
337 165
337 201
337 145
338 720
338 217
338 204
338 225
338 258
338 304
338 178
338 327
338 340
338 431
338 461
338 39
338 271
338 45
339 56
339 794
339 298
339 277
339 682
339 370
339 488
339 366
339 361
339 5
339 300
339 225
339 368
339 256
340 209
340 758
340 8
340 155
340 763
340 269
340 788
340 210
340 720
340 277
340 45
340 271
340 338
340 461
341 728
341 254
341 348
341 588
341 589
341 363
341 356
341 353
341 322
341 739
341 383
341 296
341 304
341 326
342 15
342 345
342 70
342 597
342 739
342 363
342 255
342 2
342 764
342 419
342 717
342 692
342 294
342 741
343 739
343 304
343 363
343 292
343 690
343 612
343 145
343 266
343 323
343 308
343 325
343 268
343 368
343 679
344 739
344 167
344 346
344 276
344 287
344 220
344 308
344 741
344 274
344 348
344 762
344 363
344 68
344 383
345 717
345 741
345 154
345 597
345 764
345 15
345 758
345 294
345 296
345 739
345 269
345 682
345 51
345 308
346 671
346 54
346 398
346 269
346 368
346 309
346 15
346 304
346 764
346 226
346 348
346 741
346 255
346 758
347 384
347 365
347 412
347 325
347 68
347 588
347 434
347 211
347 264
347 363
347 220
347 304
347 346
347 266
348 262
348 284
348 597
348 51
348 54
348 346
348 682
348 353
348 255
348 764
348 398
348 741
348 739
348 294
349 717
349 508
349 101
349 739
349 363
349 296
349 416
349 401
349 51
349 682
349 348
349 60
349 741
349 353
350 145
350 258
350 582
350 398
350 758
350 9
350 348
350 327
350 269
350 309
350 304
350 713
350 226
350 354
351 363
351 426
351 346
351 422
351 226
351 220
351 249
351 436
351 624
351 581
351 258
351 304
351 199
351 145
352 346
352 226
352 268
352 343
352 296
352 413
352 266
352 274
352 304
352 323
352 365
352 363
352 612
352 347
353 758
353 760
353 398
353 70
353 597
353 348
353 294
353 65
353 717
353 62
353 101
353 51
353 741
353 739
354 764
354 117
354 401
354 582
354 58
354 277
354 398
354 488
354 427
354 358
354 310
354 444
354 741
354 717
355 739
355 59
355 346
355 699
355 383
355 266
355 324
355 274
355 262
355 255
355 294
355 363
355 220
355 276
356 145
356 56
356 172
356 393
356 739
356 643
356 296
356 294
356 60
356 258
356 363
356 354
356 353
356 220
357 363
357 272
357 366
357 61
357 403
357 367
357 274
357 308
357 225
357 270
357 268
357 262
357 333
357 651
358 764
358 298
358 717
358 741
358 277
358 505
358 791
358 788
358 310
358 58
358 316
358 193
358 398
358 682
359 605
359 320
359 344
359 363
359 264
359 332
359 347
359 275
359 211
359 305
359 544
359 266
359 589
359 263
360 498
360 341
360 359
360 544
360 702
360 274
360 679
360 347
360 355
360 332
360 352
360 305
360 254
360 698
361 54
361 398
361 682
361 65
361 339
361 277
361 44
361 741
361 744
361 51
361 368
361 637
361 63
361 101
362 15
362 9
362 196
362 225
362 149
362 364
362 741
362 201
362 809
362 5
362 744
362 249
362 146
362 427
363 739
363 255
363 262
363 249
363 348
363 717
363 597
363 304
363 508
363 398
363 764
363 294
363 741
363 60
364 225
364 147
364 764
364 741
364 204
364 217
364 15
364 316
364 362
364 5
364 811
364 812
364 788
364 427
365 582
365 269
365 758
365 249
365 15
365 225
365 258
365 366
365 262
365 346
365 368
365 741
365 764
365 268
366 701
366 582
366 310
366 127
366 298
366 682
366 277
366 370
366 256
366 269
366 488
366 394
366 398
366 717
367 368
367 272
367 382
367 394
367 415
367 270
367 35
367 37
367 256
367 61
367 370
367 5
367 225
367 366
368 262
368 250
368 62
368 366
368 54
368 269
368 15
368 717
368 573
368 758
368 741
368 361
368 398
368 44
369 573
369 427
369 379
369 394
369 63
369 398
369 15
369 557
369 368
369 310
369 300
369 44
369 741
369 361
370 298
370 415
370 339
370 717
370 398
370 265
370 62
370 394
370 368
370 256
370 488
370 61
370 33
370 366
371 809
371 412
371 220
371 199
371 551
371 2
371 764
371 225
371 741
371 362
371 363
371 222
371 25
371 364
372 37
372 225
372 310
372 291
372 229
372 765
372 382
372 373
372 394
372 415
372 265
372 256
372 227
372 0
373 398
373 406
373 600
373 372
373 794
373 415
373 765
373 265
373 379
373 651
373 227
373 382
373 256
373 394
374 505
374 406
374 744
374 269
374 278
374 427
374 741
374 398
374 277
374 637
374 127
374 444
374 791
374 682
375 758
375 597
375 379
375 316
375 682
375 310
375 741
375 374
375 427
375 127
375 401
375 791
375 398
375 394
376 310
376 764
376 739
376 255
376 117
376 637
376 58
376 143
376 597
376 758
376 427
376 741
376 398
376 374
377 225
377 651
377 368
377 396
377 394
377 390
377 405
377 382
377 373
377 227
377 415
377 366
377 256
377 379
378 368
378 751
378 363
378 292
378 255
378 416
378 597
378 375
378 398
378 294
378 637
378 376
378 741
378 374
379 117
379 127
379 488
379 316
379 209
379 444
379 269
379 310
379 573
379 394
379 791
379 58
379 398
379 470
380 405
380 262
380 377
380 398
380 366
380 199
380 368
380 225
380 401
380 220
380 551
380 370
380 206
380 396
381 201
381 741
381 401
381 395
381 682
381 411
381 406
381 414
381 427
381 412
381 382
381 398
381 374
381 399
382 265
382 366
382 37
382 406
382 765
382 809
382 373
382 651
382 794
382 5
382 310
382 256
382 394
382 227
383 602
383 376
383 398
383 358
383 597
383 304
383 363
383 255
383 741
383 739
383 348
383 764
383 60
383 399
384 346
384 76
384 399
384 268
384 374
384 112
384 422
384 398
384 262
384 741
384 637
384 376
384 201
384 294
385 741
385 764
385 427
385 401
385 384
385 551
385 406
385 399
385 398
385 294
385 376
385 395
385 374
385 414
386 271
386 410
386 269
386 298
386 401
386 54
386 56
386 488
386 58
386 127
386 379
386 374
386 760
386 398
387 145
387 412
387 764
387 146
387 551
387 375
387 292
387 112
387 379
387 401
387 398
387 220
387 222
387 427
388 284
388 58
388 127
388 398
388 65
388 741
388 760
388 122
388 51
388 637
388 70
388 717
388 101
388 353
389 645
389 405
389 62
389 51
389 616
389 388
389 77
389 386
389 763
389 652
389 760
389 257
389 668
389 353
390 225
390 760
390 444
390 682
390 56
390 256
390 415
390 398
390 227
390 127
390 394
390 379
390 366
390 405
391 146
391 145
391 581
391 398
391 400
391 412
391 393
391 422
391 387
391 199
391 551
391 201
391 220
391 353
392 294
392 398
392 375
392 262
392 255
392 741
392 403
392 272
392 60
392 385
392 401
392 399
392 395
392 374
393 368
393 551
393 294
393 353
393 56
393 637
393 284
393 374
393 398
393 401
393 741
393 101
393 70
393 58
394 300
394 56
394 682
394 444
394 406
394 488
394 316
394 791
394 310
394 398
394 127
394 256
394 382
394 227
395 398
395 127
395 444
395 809
395 256
395 316
395 374
395 682
395 272
395 406
395 794
395 382
395 394
395 399
396 398
396 403
396 370
396 366
396 225
396 401
396 227
396 405
396 382
396 390
396 256
396 394
396 415
396 272
397 414
397 268
397 201
397 225
397 374
397 805
397 262
397 274
397 412
397 741
397 764
397 368
397 398
397 401
398 310
398 374
398 269
398 54
398 44
398 65
398 127
398 682
398 277
398 741
398 488
398 394
398 58
398 791
399 117
399 127
399 470
399 406
399 310
399 791
399 255
399 401
399 374
399 394
399 597
399 741
399 427
399 398
400 2
400 741
400 393
400 405
400 201
400 101
400 764
400 117
400 401
400 551
400 374
400 422
400 398
400 402
401 277
401 379
401 272
401 374
401 92
401 444
401 300
401 427
401 764
401 741
401 394
401 717
401 406
401 398
402 401
402 250
402 374
402 427
402 422
402 419
402 398
402 400
402 414
402 145
402 741
402 146
402 2
402 717
403 291
403 374
403 597
403 401
403 127
403 373
403 394
403 444
403 272
403 61
403 366
403 427
403 794
403 398
404 764
404 741
404 154
404 394
404 375
404 412
404 398
404 415
404 521
404 382
404 405
404 225
404 401
404 379
405 404
405 62
405 339
405 367
405 401
405 368
405 366
405 225
405 227
405 390
405 379
405 415
405 394
405 398
406 249
406 426
406 788
406 794
406 310
406 444
406 374
406 394
406 791
406 398
406 316
406 427
406 682
406 300
407 410
407 758
407 764
407 811
407 394
407 403
407 406
407 791
407 414
407 741
407 220
407 427
407 426
407 375
408 404
408 401
408 2
408 551
408 172
408 409
408 199
408 68
408 368
408 323
408 412
408 400
408 220
408 201
409 278
409 414
409 398
409 269
409 374
409 272
409 225
409 401
409 422
409 310
409 201
409 406
409 117
409 427
410 394
410 758
410 682
410 366
410 765
410 173
410 578
410 298
410 791
410 374
410 398
410 256
410 375
410 582
411 682
411 112
411 638
411 597
411 394
411 401
411 764
411 374
411 427
411 375
411 412
411 406
411 398
411 379
412 671
412 269
412 422
412 249
412 226
412 154
412 414
412 368
412 310
412 398
412 201
412 20
412 427
412 764
413 592
413 255
413 422
413 402
413 398
413 414
413 741
413 294
413 582
413 374
413 70
413 258
413 412
413 368
414 682
414 791
414 258
414 578
414 741
414 398
414 374
414 788
414 412
414 422
414 316
414 201
414 764
414 427
415 398
415 367
415 394
415 390
415 382
415 379
415 373
415 405
415 370
415 366
415 339
415 256
415 227
415 765
416 427
416 406
416 741
416 744
416 637
416 316
416 51
416 374
416 682
416 394
416 117
416 398
416 717
416 58
417 212
417 412
417 744
417 717
417 758
417 154
417 249
417 15
417 20
417 484
417 427
417 741
417 310
417 368
418 363
418 456
418 408
418 392
418 425
418 393
418 412
418 400
418 387
418 405
418 429
418 220
418 411
418 620
419 374
419 791
419 401
419 63
419 406
419 597
419 427
419 58
419 398
419 764
419 741
419 416
419 101
419 717
420 379
420 419
420 416
420 146
420 401
420 741
420 294
420 427
420 125
420 398
420 597
420 717
420 375
420 508
421 210
421 218
421 310
421 741
421 444
421 290
421 147
421 682
421 758
421 56
421 811
421 269
421 788
421 298
422 374
422 426
422 269
422 764
422 788
422 201
422 414
422 406
422 433
422 444
422 316
422 310
422 427
422 398
423 375
423 401
423 409
423 427
423 400
423 414
423 407
423 422
423 425
423 412
423 201
423 796
423 220
423 199
424 597
424 101
424 422
424 744
424 637
424 145
424 414
424 427
424 134
424 201
424 717
424 741
424 374
424 398
425 310
425 427
425 374
425 376
425 112
425 220
425 411
425 422
425 201
425 426
425 406
425 399
425 655
425 412
426 427
426 394
426 300
426 671
426 557
426 9
426 249
426 316
426 791
426 127
426 444
426 310
426 398
426 406
427 277
427 117
427 201
427 300
427 578
427 444
427 374
427 791
427 788
427 398
427 401
427 310
427 316
427 406
428 258
428 291
428 682
428 451
428 581
428 316
428 445
428 130
428 458
428 764
428 444
428 272
428 278
428 488
429 427
429 112
429 398
429 405
429 411
429 416
429 187
429 403
429 433
429 227
429 220
429 412
429 764
429 422
430 440
430 105
430 383
430 429
430 211
430 432
430 384
430 456
430 220
430 363
430 434
430 458
430 439
430 264
431 327
431 45
431 466
431 145
431 582
431 304
431 589
431 269
431 739
431 225
431 77
431 511
431 340
431 451
432 582
432 422
432 199
432 450
432 439
432 435
432 262
432 624
432 403
432 458
432 401
432 296
432 460
432 268
433 212
433 316
433 210
433 291
433 444
433 578
433 788
433 310
433 298
433 671
433 682
433 135
433 213
433 179
434 258
434 15
434 225
434 765
434 454
434 309
434 346
434 412
434 264
434 68
434 458
434 764
434 363
434 163
435 44
435 505
435 717
435 682
435 760
435 764
435 298
435 741
435 488
435 398
435 290
435 444
435 269
435 277
436 412
436 226
436 444
436 624
436 267
436 452
436 426
436 291
436 458
436 126
436 179
436 445
436 422
436 433
437 422
437 793
437 428
437 278
437 452
437 451
437 458
437 581
437 444
437 582
437 272
437 258
437 624
437 130
438 412
438 581
438 141
438 272
438 401
438 296
438 458
438 258
438 414
438 419
438 422
438 551
438 764
438 363
439 393
439 508
439 220
439 412
439 758
439 458
439 255
439 149
439 368
439 348
439 741
439 583
439 764
439 146
440 255
440 296
440 569
440 220
440 741
440 458
440 371
440 764
440 264
440 226
440 304
440 363
440 346
440 383
441 403
441 126
441 296
441 429
441 432
441 428
441 436
441 273
441 458
441 226
441 581
441 460
441 412
441 450
442 435
442 428
442 432
442 624
442 439
442 764
442 363
442 451
442 112
442 458
442 459
442 60
442 508
442 348
443 265
443 270
443 272
443 309
443 5
443 435
443 269
443 298
443 278
443 179
443 582
443 444
443 145
443 256
444 744
444 290
444 291
444 269
444 135
444 310
444 398
444 488
444 300
444 682
444 277
444 316
444 298
444 127
445 218
445 213
445 130
445 179
445 291
445 316
445 205
445 204
445 406
445 310
445 444
445 812
445 135
445 433
446 445
446 435
446 285
446 764
446 460
446 429
446 220
446 458
446 422
446 452
446 436
446 258
446 217
446 433
447 406
447 9
447 394
447 794
447 316
447 812
447 581
447 269
447 358
447 249
447 422
447 444
447 258
447 426
448 459
448 439
448 285
448 200
448 443
448 24
448 460
448 746
448 432
448 765
448 533
448 436
448 445
448 458
449 296
449 794
449 135
449 793
449 622
449 267
449 452
449 436
449 125
449 444
449 450
449 765
449 126
449 459
450 582
450 146
450 210
450 398
450 427
450 444
450 671
450 298
450 764
450 741
450 578
450 310
450 316
450 249
451 398
451 278
451 284
451 444
451 130
451 127
451 65
451 277
451 488
451 764
451 117
451 758
451 741
451 682
452 249
452 422
452 135
452 258
452 624
452 427
452 433
452 291
452 435
452 212
452 346
452 226
452 444
452 179
453 799
453 256
453 390
453 458
453 459
453 789
453 401
453 809
453 403
453 296
453 765
453 37
453 450
453 272
454 285
454 226
454 452
454 298
454 249
454 444
454 435
454 433
454 346
454 348
454 741
454 581
454 398
454 582
455 405
455 264
455 313
455 460
455 459
455 439
455 436
455 627
455 429
455 363
455 458
455 456
455 434
455 432
456 262
456 220
456 436
456 460
456 405
456 268
456 459
456 533
456 429
456 432
456 363
456 458
456 296
456 439
457 448
457 346
457 264
457 435
457 459
457 458
457 456
457 451
457 443
457 296
457 432
457 439
457 434
457 363
458 205
458 436
458 451
458 435
458 183
458 428
458 264
458 304
458 291
458 444
458 258
458 445
458 764
458 765
459 290
459 310
459 422
459 458
459 451
459 316
459 403
459 764
459 291
459 135
459 278
459 444
459 433
459 435
460 412
460 226
460 422
460 258
460 179
460 450
460 268
460 671
460 285
460 291
460 296
460 765
460 433
460 267
461 204
461 44
461 758
461 316
461 209
461 271
461 788
461 45
461 193
461 310
461 505
461 298
461 484
461 210
462 294
462 255
462 597
462 146
462 15
462 145
462 717
462 141
462 101
462 262
462 70
462 741
462 582
462 508
463 587
463 325
463 222
463 402
463 146
463 387
463 258
463 429
463 588
463 537
463 551
463 199
463 2
463 581
464 717
464 222
464 567
464 764
464 226
464 578
464 399
464 278
464 422
464 296
464 363
464 258
464 581
464 249
465 210
465 581
465 744
465 578
465 290
465 249
465 488
465 406
465 269
465 310
465 444
465 398
465 316
465 470
466 15
466 272
466 277
466 511
466 284
466 582
466 508
466 505
466 488
466 643
466 65
466 63
466 58
466 101
467 639
467 611
467 277
467 316
467 733
467 127
467 741
467 470
467 597
467 398
467 379
467 602
467 505
467 255
468 316
468 183
468 557
468 58
468 398
468 639
468 9
468 298
468 210
468 578
468 788
468 269
468 764
468 310
469 249
469 717
469 406
469 639
469 521
469 470
469 269
469 557
469 398
469 582
469 58
469 741
469 597
469 310
470 277
470 44
470 791
470 290
470 379
470 505
470 193
470 741
470 310
470 521
470 284
470 58
470 398
470 638
471 597
471 284
471 255
471 316
471 788
471 581
471 310
471 470
471 717
471 534
471 741
471 638
471 505
471 398
472 294
472 397
472 262
472 146
472 508
472 363
472 353
472 582
472 348
472 60
472 513
472 476
472 616
472 764
473 637
473 226
473 582
473 222
473 141
473 398
473 551
473 294
473 220
473 741
473 201
473 368
473 717
473 249
474 51
474 294
474 76
474 739
474 597
474 361
474 15
474 141
474 508
474 156
474 363
474 741
474 551
474 485
475 419
475 741
475 222
475 304
475 517
475 551
475 563
475 226
475 284
475 511
475 141
475 199
475 258
475 581
476 764
476 101
476 44
476 294
476 717
476 532
476 741
476 505
476 682
476 758
476 368
476 51
476 597
476 398
477 15
477 270
477 199
477 757
477 551
477 206
477 569
477 368
477 508
477 220
477 222
477 225
477 146
477 60
478 165
478 760
478 488
478 741
478 172
478 578
478 173
478 485
478 682
478 209
478 671
478 271
478 193
478 56
479 374
479 57
479 294
479 365
479 196
479 551
479 398
479 368
479 101
479 592
479 255
479 637
479 741
479 583
480 534
480 231
480 193
480 764
480 163
480 210
480 578
480 146
480 414
480 143
480 551
480 154
480 741
480 222
481 615
481 63
481 764
481 535
481 304
481 637
481 368
481 220
481 592
481 196
481 46
481 222
481 363
481 412
482 141
482 262
482 551
482 146
482 513
482 764
482 222
482 220
482 199
482 403
482 581
482 517
482 363
482 226
483 304
483 587
483 589
483 262
483 208
483 141
483 57
483 225
483 222
483 517
483 199
483 588
483 412
483 551
484 638
484 154
484 44
484 573
484 791
484 671
484 398
484 310
484 271
484 298
484 758
484 209
484 578
484 193
485 637
485 284
485 143
485 758
485 255
485 101
485 791
485 58
485 739
485 741
485 470
485 54
485 398
485 271
486 610
486 308
486 222
486 379
486 412
486 642
486 410
486 404
486 582
486 637
486 339
486 578
486 368
486 521
487 398
487 741
487 245
487 292
487 551
487 581
487 348
487 578
487 209
487 534
487 269
487 165
487 485
487 284
488 791
488 316
488 717
488 54
488 58
488 127
488 298
488 444
488 269
488 65
488 682
488 277
488 398
488 56
489 346
489 206
489 581
489 587
489 687
489 399
489 569
489 220
489 627
489 363
489 555
489 384
489 296
489 540
490 537
490 487
490 413
490 588
490 497
490 587
490 363
490 496
490 581
490 589
490 199
490 551
490 287
490 75
491 741
491 294
491 384
491 588
491 296
491 25
491 264
491 60
491 637
491 764
491 363
491 304
491 353
491 739
492 809
492 374
492 199
492 61
492 227
492 759
492 637
492 37
492 578
492 602
492 400
492 655
492 382
492 60
493 759
493 399
493 582
493 461
493 340
493 217
493 412
493 587
493 346
493 226
493 471
493 583
493 581
493 304
494 398
494 583
494 362
494 578
494 427
494 9
494 637
494 304
494 196
494 222
494 117
494 788
494 249
494 310
495 573
495 671
495 582
495 600
495 578
495 765
495 272
495 291
495 226
495 298
495 303
495 309
495 249
495 267
496 146
496 294
496 521
496 764
496 398
496 225
496 592
496 262
496 741
496 582
496 222
496 551
496 739
496 597
497 551
497 741
497 383
497 508
497 299
497 567
497 602
497 639
497 485
497 581
497 597
497 255
497 363
497 294
498 266
498 156
498 252
498 189
498 515
498 612
498 199
498 97
498 588
498 589
498 615
498 141
498 239
498 211
499 187
499 285
499 375
499 38
499 496
499 422
499 764
499 450
499 412
499 201
499 578
499 557
499 296
499 220
500 581
500 309
500 290
500 671
500 465
500 366
500 681
500 444
500 557
500 521
500 269
500 582
500 794
500 788
501 339
501 222
501 101
501 2
501 741
501 274
501 552
501 15
501 225
501 368
501 272
501 262
501 61
501 199
502 412
502 363
502 368
502 226
502 741
502 171
502 163
502 68
502 508
502 739
502 222
502 156
502 588
502 165
503 399
503 534
503 242
503 535
503 20
503 590
503 220
503 209
503 226
503 638
503 484
503 201
503 412
503 578
504 225
504 788
504 316
504 222
504 551
504 578
504 582
504 220
504 581
504 811
504 682
504 590
504 209
504 249
505 488
505 298
505 44
505 290
505 127
505 284
505 791
505 398
505 316
505 130
505 788
505 277
505 740
505 682
506 225
506 398
506 65
506 291
506 196
506 298
506 15
506 582
506 117
506 226
506 272
506 5
506 258
506 310
507 484
507 247
507 171
507 535
507 165
507 637
507 304
507 583
507 220
507 368
507 551
507 412
507 201
507 196
508 58
508 809
508 717
508 394
508 250
508 44
508 300
508 65
508 60
508 488
508 51
508 741
508 277
508 398
509 533
509 291
509 258
509 812
509 160
509 301
509 272
509 24
509 286
509 765
509 229
509 227
509 225
509 433
510 179
510 298
510 470
510 534
510 578
510 249
510 45
510 310
510 210
510 461
510 205
510 143
510 671
510 9
511 717
511 92
511 101
511 63
511 58
511 741
511 398
511 508
511 488
511 505
511 284
511 597
511 277
511 51
512 358
512 485
512 416
512 508
512 511
512 60
512 383
512 764
512 353
512 222
512 739
512 348
512 602
512 551
513 508
513 505
513 284
513 578
513 444
513 269
513 225
513 764
513 582
513 222
513 741
513 277
513 146
513 145
514 271
514 521
514 758
514 379
514 291
514 763
514 296
514 60
514 304
514 222
514 390
514 227
514 741
514 199
515 582
515 255
515 637
515 476
515 145
515 262
515 368
515 199
515 304
515 741
515 717
515 588
515 2
515 589
516 466
516 764
516 592
516 63
516 262
516 610
516 414
516 741
516 272
516 225
516 365
516 15
516 368
516 304
517 361
517 15
517 262
517 272
517 199
517 563
517 551
517 717
517 592
517 294
517 741
517 764
517 2
517 63
518 386
518 172
518 56
518 65
518 398
518 521
518 388
518 781
518 760
518 154
518 643
518 739
518 4
518 60
519 382
519 578
519 642
519 304
519 222
519 655
519 412
519 637
519 660
519 199
519 414
519 38
519 220
519 201
520 602
520 249
520 551
520 156
520 412
520 414
520 413
520 304
520 592
520 741
520 258
520 141
520 145
520 637
521 284
521 573
521 470
521 444
521 791
521 366
521 277
521 58
521 65
521 394
521 740
521 310
521 488
521 398
522 269
522 427
522 222
522 199
522 534
522 226
522 412
522 15
522 551
522 20
522 346
522 348
522 401
522 304
523 245
523 384
523 398
523 739
523 602
523 582
523 55
523 597
523 583
523 323
523 165
523 637
523 292
523 410
524 298
524 542
524 316
524 5
524 267
524 444
524 201
524 374
524 249
524 619
524 791
524 578
524 582
524 788
525 268
525 368
525 294
525 146
525 249
525 313
525 201
525 739
525 546
525 741
525 220
525 597
525 255
525 262
526 348
526 496
526 685
526 551
526 363
526 739
526 632
526 304
526 467
526 294
526 255
526 262
526 508
526 741
527 638
527 226
527 310
527 249
527 422
527 222
527 201
527 376
527 412
527 557
527 38
527 409
527 578
527 220
528 300
528 521
528 284
528 269
528 58
528 101
528 398
528 602
528 582
528 277
528 637
528 741
528 2
528 505
529 68
529 363
529 384
529 368
529 304
529 412
529 266
529 255
529 346
529 551
529 226
529 222
529 201
529 220
530 269
530 210
530 183
530 193
530 65
530 582
530 788
530 284
530 44
530 488
530 398
530 505
530 277
530 298
531 602
531 589
531 764
531 505
531 741
531 249
531 513
531 582
531 294
531 70
531 551
531 284
531 2
531 508
532 682
532 578
532 209
532 193
532 310
532 44
532 316
532 58
532 744
532 638
532 788
532 505
532 398
532 791
533 433
533 225
533 229
533 415
533 273
533 179
533 651
533 746
533 382
533 367
533 35
533 227
533 765
533 5
534 788
534 758
534 470
534 412
534 532
534 9
534 209
534 484
534 143
534 249
534 638
534 310
534 398
534 578
535 551
535 249
535 310
535 427
535 461
535 485
535 484
535 220
535 210
535 209
535 578
535 741
535 201
535 412
536 578
536 278
536 316
536 145
536 717
536 249
536 581
536 764
536 582
536 374
536 682
536 681
536 422
536 444
537 505
537 146
537 249
537 582
537 427
537 581
537 398
537 201
537 258
537 210
537 532
537 476
537 717
537 741
538 551
538 655
538 585
538 531
538 501
538 589
538 552
538 588
538 462
538 199
538 517
538 564
538 2
538 141
539 741
539 765
539 262
539 382
539 521
539 225
539 651
539 578
539 5
539 701
539 569
539 339
539 227
539 368
540 222
540 400
540 337
540 551
540 546
540 220
540 363
540 211
540 391
540 182
540 598
540 581
540 371
540 199
541 270
541 582
541 542
541 201
541 564
541 513
541 266
541 569
541 145
541 683
541 220
541 551
541 146
541 272
542 671
542 15
542 374
542 682
542 269
542 298
542 578
542 398
542 310
542 5
542 227
542 225
542 788
542 573
543 363
543 508
543 60
543 199
543 262
543 581
543 592
543 348
543 597
543 551
543 739
543 294
543 741
543 496
544 348
544 508
544 346
544 597
544 294
544 496
544 739
544 741
544 304
544 470
544 262
544 255
544 363
544 60
545 592
545 145
545 220
545 551
545 266
545 196
545 639
545 485
545 363
545 398
545 146
545 70
545 597
545 255
546 199
546 209
546 637
546 759
546 525
546 602
546 262
546 368
546 398
546 597
546 741
546 255
546 739
546 470
547 409
547 57
547 585
547 589
547 496
547 592
547 384
547 387
547 554
547 70
547 550
547 597
547 141
547 588
548 585
548 402
548 552
548 380
548 141
548 563
548 199
548 569
548 517
548 63
548 589
548 550
548 2
548 551
549 632
549 101
549 145
549 60
549 764
549 508
549 741
549 63
549 551
549 597
549 363
549 592
549 419
549 141
550 63
550 342
550 145
550 717
550 551
550 517
550 141
550 294
550 402
550 462
550 592
550 199
550 2
550 419
551 58
551 597
551 401
551 637
551 505
551 582
551 146
551 427
551 15
551 764
551 741
551 255
551 101
551 398
552 366
552 686
552 339
552 564
552 262
552 225
552 701
552 569
552 717
552 268
552 367
552 5
552 368
552 370
553 585
553 501
553 637
553 57
553 365
553 199
553 68
553 412
553 592
553 141
553 517
553 220
553 2
553 201
554 791
554 269
554 536
554 201
554 583
554 637
554 524
554 521
554 597
554 681
554 375
554 581
554 374
554 602
555 220
555 363
555 187
555 584
555 384
555 546
555 399
555 496
555 632
555 581
555 526
555 409
555 383
555 611
556 751
556 294
556 741
556 199
556 546
556 262
556 611
556 363
556 551
556 255
556 685
556 467
556 696
556 401
557 600
557 638
557 316
557 788
557 218
557 9
557 310
557 398
557 671
557 394
557 426
557 427
557 406
557 521
558 199
558 409
558 603
558 551
558 267
558 525
558 220
558 557
558 206
558 201
558 187
558 412
558 422
558 38
559 323
559 145
559 206
559 266
559 581
559 226
559 363
559 304
559 551
559 220
559 348
559 346
559 60
559 601
560 525
560 225
560 201
560 211
560 635
560 220
560 268
560 553
560 266
560 377
560 412
560 199
560 308
560 592
561 717
561 33
561 366
561 726
561 398
561 701
561 277
561 488
561 171
561 370
561 582
561 298
561 741
561 65
562 589
562 623
562 387
562 525
562 679
562 226
562 268
562 220
562 408
562 346
562 211
562 384
562 380
562 156
563 744
563 277
563 444
563 272
563 741
563 505
563 51
563 278
563 573
563 15
563 682
563 488
563 717
563 398
564 35
564 396
564 225
564 552
564 37
564 41
564 256
564 367
564 61
564 569
564 5
564 272
564 2
564 106
565 803
565 791
565 578
565 310
565 227
565 316
565 210
565 532
565 5
565 249
565 582
565 58
565 717
565 398
566 346
566 41
566 15
566 585
566 2
566 564
566 141
566 145
566 589
566 199
566 206
566 550
566 517
566 363
567 511
567 249
567 316
567 682
567 602
567 597
567 639
567 58
567 488
567 505
567 508
567 379
567 92
567 398
568 265
568 227
568 285
568 794
568 373
568 382
568 651
568 35
568 642
568 291
568 812
568 765
568 24
568 433
569 270
569 145
569 744
569 35
569 809
569 272
569 262
569 37
569 225
569 5
569 741
569 15
569 61
569 256
570 209
570 292
570 597
570 565
570 532
570 682
570 521
570 809
570 508
570 63
570 741
570 637
570 602
570 398
571 642
571 368
571 765
571 382
571 0
571 286
571 599
571 308
571 390
571 227
571 225
571 370
571 33
571 282
572 552
572 794
572 600
572 272
572 569
572 35
572 603
572 37
572 634
572 767
572 61
572 367
572 225
572 564
573 682
573 8
573 9
573 127
573 298
573 791
573 444
573 398
573 44
573 578
573 488
573 269
573 277
573 310
574 209
574 415
574 582
574 404
574 367
574 412
574 274
574 227
574 33
574 370
574 379
574 405
574 225
574 368
575 741
575 20
575 743
575 569
575 412
575 578
575 226
575 582
575 258
575 220
575 346
575 484
575 212
575 304
576 612
576 332
576 60
576 586
576 189
576 589
576 275
576 344
576 355
576 274
576 266
576 383
576 252
576 363
577 637
577 271
577 597
577 751
577 485
577 470
577 611
577 386
577 379
577 511
577 535
577 58
577 63
577 741
578 444
578 277
578 210
578 193
578 505
578 298
578 310
578 9
578 573
578 788
578 582
578 316
578 791
578 682
579 580
579 346
579 156
579 741
579 165
579 551
579 588
579 652
579 268
579 368
579 412
579 739
579 508
579 474
580 781
580 56
580 154
580 225
580 532
580 368
580 227
580 222
580 201
580 292
580 412
580 33
580 484
580 209
581 278
581 639
581 399
581 505
581 310
581 682
581 145
581 269
581 316
581 582
581 444
581 249
581 258
581 717
582 269
582 284
582 597
582 488
582 210
582 744
582 682
582 444
582 398
582 298
582 505
582 127
582 578
582 277
583 582
583 277
583 741
583 758
583 165
583 374
583 44
583 310
583 269
583 210
583 58
583 249
583 143
583 398
584 15
584 187
584 542
584 409
584 146
584 581
584 201
584 272
584 582
584 537
584 225
584 422
584 231
584 249
585 551
585 602
585 764
585 365
585 294
585 588
585 201
585 101
585 262
585 412
585 592
585 414
585 2
585 413
586 266
586 537
586 100
586 199
586 564
586 363
586 145
586 585
586 141
586 466
586 462
586 588
586 2
586 589
587 15
587 466
587 294
587 363
587 581
587 220
587 353
587 309
587 323
587 551
587 588
587 582
587 199
587 589
588 717
588 363
588 592
588 255
588 146
588 637
588 201
588 551
588 323
588 294
588 353
588 597
588 70
588 741
589 70
589 294
589 588
589 531
589 551
589 741
589 100
589 262
589 363
589 15
589 353
589 141
589 2
589 466
590 147
590 444
590 791
590 578
590 298
590 9
590 406
590 310
590 249
590 811
590 316
590 5
590 258
590 788
591 617
591 141
591 41
591 304
591 412
591 145
591 225
591 363
591 615
591 262
591 266
591 414
591 569
591 220
592 63
592 374
592 201
592 764
592 398
592 58
592 117
592 551
592 101
592 741
592 717
592 637
592 597
592 294
593 227
593 746
593 256
593 23
593 24
593 651
593 382
593 373
593 37
593 367
593 600
593 765
593 272
593 35
594 5
594 764
594 272
594 600
594 193
594 310
594 382
594 179
594 557
594 394
594 298
594 671
594 291
594 227
595 298
595 62
595 597
595 366
595 488
595 368
595 284
595 269
595 741
595 638
595 470
595 398
595 290
595 521
596 546
596 220
596 258
596 363
596 199
596 496
596 481
596 182
596 161
596 383
596 569
596 380
596 145
596 255
597 54
597 488
597 127
597 294
597 582
597 65
597 739
597 366
597 58
597 51
597 277
597 717
597 741
597 398
598 399
598 584
598 255
598 363
598 146
598 639
598 592
598 741
598 92
598 201
598 551
598 346
598 764
598 581
599 298
599 179
599 578
599 390
599 382
599 286
599 265
599 370
599 256
599 373
599 765
599 415
599 229
599 227
600 406
600 794
600 277
600 394
600 682
600 488
600 791
600 256
600 809
600 5
600 298
600 300
600 444
600 310
601 368
601 557
601 250
601 508
601 101
601 551
601 201
601 637
601 199
601 220
601 222
601 225
601 764
601 227
602 488
602 316
602 521
602 637
602 290
602 58
602 682
602 582
602 284
602 741
602 597
602 398
602 277
602 505
603 260
603 225
603 61
603 366
603 256
603 373
603 765
603 394
603 227
603 651
603 367
603 377
603 382
603 270
604 758
604 412
604 376
604 398
604 638
604 210
604 209
604 578
604 143
604 310
604 532
604 427
604 179
604 573
605 304
605 220
605 211
605 308
605 226
605 266
605 544
605 412
605 589
605 612
605 346
605 313
605 525
605 496
606 764
606 551
606 508
606 597
606 505
606 394
606 602
606 63
606 398
606 741
606 227
606 521
606 262
606 379
607 298
607 744
607 484
607 249
607 220
607 414
607 582
607 578
607 196
607 619
607 637
607 5
607 201
607 398
608 60
608 62
608 51
608 764
608 366
608 268
608 15
608 602
608 255
608 294
608 597
608 363
608 741
608 262
609 701
609 744
609 183
609 209
609 277
609 791
609 788
609 578
609 582
609 444
609 427
609 298
609 398
609 619
610 249
610 791
610 269
610 15
610 300
610 310
610 272
610 427
610 582
610 578
610 368
610 741
610 401
610 764
611 739
611 379
611 399
611 597
611 383
611 741
611 398
611 602
611 467
611 255
611 470
611 639
611 751
611 288
612 589
612 551
612 206
612 313
612 592
612 274
612 304
612 365
612 346
612 308
612 225
612 343
612 615
612 266
613 212
613 488
613 196
613 209
613 521
613 484
613 398
613 20
613 269
613 717
613 44
613 54
613 470
613 310
614 406
614 249
614 557
614 310
614 637
614 368
614 201
614 220
614 375
614 597
614 398
614 582
614 578
614 409
615 294
615 550
615 141
615 363
615 585
615 2
615 551
615 145
615 266
615 589
615 220
615 323
615 592
615 588
616 758
616 741
616 488
616 682
616 272
616 690
616 717
616 278
616 145
616 269
616 294
616 258
616 760
616 764
617 182
617 57
617 201
617 655
617 764
617 220
617 262
617 268
617 637
617 414
617 412
617 225
617 199
617 592
618 249
618 758
618 741
618 368
618 310
618 701
618 573
618 44
618 637
618 298
618 269
618 582
618 578
618 619
619 374
619 316
619 300
619 5
619 406
619 682
619 398
619 744
619 791
619 277
619 310
619 298
619 578
619 788
620 363
620 632
620 606
620 53
620 404
620 405
620 377
620 367
620 326
620 274
620 266
620 222
620 220
620 282
621 744
621 272
621 682
621 256
621 278
621 127
621 444
621 398
621 298
621 726
621 374
621 135
621 582
621 414
622 758
622 226
622 153
622 470
622 444
622 296
622 764
622 291
622 741
622 626
622 125
622 130
622 135
622 218
623 145
623 225
623 262
623 125
623 551
623 146
623 136
623 401
623 805
623 414
623 220
623 741
623 764
623 201
624 682
624 303
624 204
624 256
624 406
624 278
624 272
624 426
624 135
624 127
624 717
624 444
624 582
624 422
625 671
625 316
625 505
625 5
625 204
625 130
625 277
625 788
625 298
625 135
625 812
625 127
625 740
625 444
626 288
626 267
626 272
626 130
626 444
626 127
626 316
626 136
626 125
626 741
626 300
626 117
626 398
626 764
627 425
627 310
627 398
627 220
627 581
627 366
627 422
627 267
627 764
627 412
627 112
627 374
627 384
627 406
628 333
628 729
628 262
628 266
628 182
628 257
628 387
628 405
628 199
628 396
628 274
628 68
628 268
628 517
629 294
629 116
629 671
629 220
629 226
629 764
629 255
629 258
629 758
629 346
629 266
629 741
629 309
629 296
630 578
630 300
630 269
630 285
630 298
630 444
630 744
630 15
630 741
630 374
630 127
630 310
630 682
630 277
631 255
631 117
631 379
631 101
631 521
631 127
631 348
631 316
631 637
631 25
631 741
631 398
631 403
631 764
632 557
632 637
632 685
632 470
632 600
632 379
632 262
632 61
632 467
632 739
632 741
632 300
632 597
632 521
633 165
633 578
633 521
633 29
633 597
633 379
633 610
633 573
633 637
633 484
633 225
633 323
633 368
633 292
634 394
634 367
634 37
634 765
634 33
634 61
634 0
634 339
634 227
634 370
634 225
634 396
634 415
634 256
635 141
635 304
635 551
635 741
635 262
635 272
635 249
635 15
635 363
635 616
635 294
635 764
635 610
635 145
636 717
636 394
636 58
636 54
636 521
636 366
636 269
636 488
636 398
636 62
636 65
636 127
636 791
636 277
637 277
637 717
637 54
637 505
637 788
637 101
637 284
637 58
637 741
637 398
637 682
637 374
637 791
637 744
638 207
638 532
638 44
638 310
638 193
638 470
638 209
638 791
638 578
638 788
638 398
638 316
638 269
638 505
639 788
639 582
639 65
639 791
639 597
639 58
639 444
639 298
639 521
639 290
639 398
639 277
639 744
639 741
640 717
640 210
640 521
640 284
640 744
640 209
640 582
640 51
640 741
640 398
640 58
640 597
640 470
640 255
641 403
641 635
641 181
641 258
641 106
641 262
641 568
641 272
641 581
641 409
641 285
641 683
641 220
641 569
642 179
642 229
642 35
642 310
642 600
642 809
642 521
642 394
642 225
642 256
642 227
642 765
642 382
642 619
643 758
643 250
643 284
643 760
643 60
643 682
643 394
643 70
643 741
643 508
643 488
643 398
643 56
643 65
644 505
644 682
644 578
644 290
644 127
644 310
644 135
644 269
644 788
644 298
644 316
644 671
644 277
644 444
645 77
645 271
645 741
645 646
645 398
645 277
645 51
645 690
645 54
645 758
645 269
645 760
645 763
645 717
646 791
646 298
646 488
646 398
646 278
646 290
646 284
646 277
646 269
646 682
646 505
646 717
646 271
646 758
647 763
647 720
647 271
647 488
647 318
647 298
647 56
647 281
647 277
647 269
647 265
647 183
647 644
647 160
648 726
648 316
648 398
648 741
648 426
648 127
648 671
648 310
648 444
648 44
648 300
648 298
648 290
648 582
649 258
649 291
649 296
649 637
649 220
649 323
649 681
649 274
649 656
649 262
649 290
649 764
649 284
649 682
650 62
650 368
650 682
650 370
650 726
650 37
650 366
650 65
650 51
650 701
650 758
650 394
650 741
650 54
651 300
651 310
651 303
651 272
651 291
651 394
651 794
651 366
651 765
651 382
651 373
651 256
651 227
651 265
652 398
652 717
652 758
652 597
652 294
652 101
652 739
652 741
652 361
652 51
652 62
652 76
652 353
652 368
653 811
653 382
653 412
653 379
653 521
653 470
653 534
653 218
653 557
653 205
653 220
653 582
653 226
653 510
654 741
654 323
654 68
654 474
654 294
654 146
654 723
654 363
654 171
654 328
654 220
654 266
654 268
654 70
655 398
655 717
655 316
655 764
655 412
655 179
655 201
655 374
655 682
655 578
655 406
655 414
655 422
655 427
656 681
656 258
656 262
656 563
656 255
656 225
656 682
656 269
656 637
656 741
656 348
656 368
656 284
656 764
657 290
657 310
657 791
657 269
657 597
657 54
657 58
657 788
657 298
657 741
657 682
657 744
657 717
657 398
658 635
658 145
658 239
658 266
658 320
658 371
658 687
658 550
658 551
658 615
658 42
658 616
658 623
658 363
659 141
659 363
659 323
659 537
659 353
659 508
659 199
659 368
659 476
659 346
659 294
659 292
659 597
659 652
660 521
660 225
660 62
660 274
660 268
660 339
660 353
660 199
660 741
660 551
660 255
660 368
660 262
660 637
661 201
661 637
661 58
661 2
661 374
661 65
661 56
661 368
661 171
661 353
661 70
661 101
661 741
661 714
662 758
662 290
662 648
662 741
662 717
662 366
662 278
662 664
662 269
662 298
662 582
662 470
662 701
662 310
663 346
663 637
663 370
663 368
663 171
663 324
663 323
663 225
663 741
663 294
663 274
663 262
663 726
663 268
664 444
664 791
664 521
664 277
664 398
664 316
664 741
664 298
664 717
664 269
664 310
664 284
664 470
664 290
665 368
665 262
665 220
665 68
665 146
665 417
665 741
665 225
665 569
665 462
665 365
665 145
665 199
665 655
666 815
666 292
666 741
666 582
666 744
666 284
666 637
666 764
666 262
666 368
666 101
666 414
666 2
666 63
667 270
667 187
667 324
667 220
667 655
667 687
667 309
667 226
667 683
667 681
667 132
667 674
667 581
667 267
668 296
668 225
668 760
668 133
668 758
668 271
668 318
668 645
668 716
668 281
668 101
668 763
668 77
668 643
669 296
669 588
669 226
669 266
669 383
669 587
669 346
669 328
669 337
669 688
669 330
669 687
669 323
669 679
670 739
670 296
670 581
670 294
670 741
670 403
670 272
670 255
670 597
670 288
670 258
670 683
670 262
670 348
671 193
671 578
671 316
671 45
671 9
671 277
671 444
671 398
671 127
671 310
671 298
671 269
671 291
671 644
672 296
672 655
672 789
672 759
672 363
672 403
672 304
672 268
672 335
672 199
672 384
672 112
672 220
672 371
673 408
673 282
673 363
673 68
673 266
673 353
673 274
673 377
673 396
673 400
673 401
673 308
673 551
673 368
674 582
674 54
674 578
674 681
674 374
674 682
674 758
674 226
674 269
674 717
674 298
674 741
674 209
674 398
675 525
675 656
675 57
675 385
675 392
675 320
675 255
675 687
675 59
675 707
675 220
675 496
675 383
675 697
676 725
676 581
676 638
676 226
676 470
676 348
676 739
676 296
676 741
676 220
676 412
676 759
676 764
676 304
677 344
677 688
677 687
677 325
677 199
677 363
677 355
677 322
677 663
677 392
677 496
677 304
677 346
677 254
678 201
678 365
678 663
678 324
678 148
678 225
678 62
678 308
678 686
678 656
678 268
678 262
678 368
678 274
679 101
679 346
679 398
679 323
679 255
679 165
679 156
679 368
679 741
679 294
679 353
679 262
679 171
679 268
680 470
680 637
680 758
680 398
680 294
680 597
680 277
680 741
680 717
680 374
680 51
680 582
680 65
680 255
681 135
681 277
681 764
681 578
681 267
681 398
681 298
681 788
681 278
681 290
681 744
681 316
681 444
681 682
682 127
682 791
682 290
682 788
682 310
682 316
682 277
682 444
682 398
682 505
682 298
682 488
682 374
682 56
683 278
683 444
683 794
683 406
683 374
683 130
683 135
683 366
683 582
683 717
683 298
683 682
683 267
683 258
684 266
684 156
684 225
684 333
684 713
684 308
684 412
684 268
684 552
684 363
684 216
684 679
684 686
684 274
685 294
685 54
685 201
685 682
685 310
685 58
685 741
685 739
685 262
685 597
685 398
685 637
685 368
685 255
686 225
686 739
686 262
686 394
686 294
686 741
686 51
686 370
686 405
686 366
686 101
686 339
686 62
686 415
687 685
687 145
687 383
687 258
687 262
687 741
687 255
687 220
687 294
687 296
687 683
687 272
687 324
687 363
688 255
688 25
688 222
688 764
688 296
688 661
688 57
688 400
688 145
688 637
688 220
688 551
688 182
688 815
689 539
689 405
689 552
689 367
689 762
689 757
689 415
689 699
689 357
689 696
689 574
689 380
689 326
689 686
690 65
690 15
690 62
690 294
690 682
690 63
690 368
690 101
690 741
690 398
690 597
690 488
690 717
690 51
691 551
691 125
691 255
691 676
691 450
691 759
691 287
691 368
691 304
691 741
691 262
691 53
691 296
691 739
692 682
692 65
692 127
692 791
692 269
692 374
692 284
692 505
692 294
692 741
692 717
692 277
692 51
692 398
693 255
693 323
693 637
693 680
693 602
693 741
693 262
693 294
693 685
693 220
693 582
693 366
693 268
693 656
694 143
694 375
694 573
694 255
694 277
694 374
694 44
694 65
694 741
694 758
694 764
694 597
694 269
694 398
695 380
695 754
695 335
695 425
695 623
695 408
695 324
695 385
695 220
695 355
695 551
695 687
695 320
695 325
696 741
696 370
696 63
696 367
696 61
696 757
696 685
696 651
696 398
696 366
696 368
696 262
696 227
696 390
697 101
697 685
697 270
697 145
697 220
697 726
697 348
697 262
697 268
697 353
697 294
697 61
697 366
697 739
698 380
698 697
698 479
698 266
698 655
698 685
698 551
698 661
698 687
698 262
698 206
698 696
698 255
698 220
699 405
699 287
699 368
699 363
699 739
699 366
699 262
699 348
699 335
699 68
699 304
699 521
699 323
699 741
700 309
700 313
700 258
700 262
700 582
700 15
700 365
700 366
700 368
700 346
700 741
700 268
700 701
700 726
701 682
701 644
701 394
701 44
701 298
701 310
701 366
701 717
701 370
701 277
701 398
701 269
701 582
701 368
702 308
702 294
702 324
702 685
702 413
702 679
702 255
702 479
702 68
702 57
702 268
702 220
702 365
702 262
703 479
703 313
703 308
703 68
703 346
703 255
703 397
703 324
703 696
703 274
703 679
703 262
703 365
703 268
704 130
704 271
704 758
704 760
704 183
704 644
704 298
704 488
704 444
704 269
704 582
704 277
704 291
704 671
705 741
705 268
705 353
705 378
705 363
705 805
705 220
705 383
705 393
705 129
705 739
705 462
705 294
705 274
706 587
706 574
706 689
706 566
706 185
706 678
706 496
706 698
706 757
706 660
706 699
706 477
706 380
706 552
707 611
707 685
707 733
707 525
707 606
707 335
707 656
707 694
707 739
707 262
707 296
707 346
707 255
707 759
708 383
708 116
708 363
708 296
708 294
708 551
708 741
708 759
708 739
708 304
708 220
708 597
708 685
708 348
709 616
709 271
709 51
709 258
709 646
709 77
709 764
709 308
709 318
709 283
709 763
709 281
709 758
709 720
710 70
710 815
710 588
710 320
710 141
710 517
710 257
710 239
710 438
710 189
710 383
710 199
710 2
710 551
711 15
711 127
711 717
711 398
711 51
711 505
711 310
711 763
711 470
711 54
711 44
711 740
711 741
711 277
712 374
712 183
712 758
712 255
712 285
712 664
712 346
712 220
712 399
712 209
712 741
712 309
712 148
712 315
713 277
713 15
713 258
713 210
713 212
713 758
713 671
713 309
713 269
713 148
713 285
713 298
713 644
713 183
714 127
714 262
714 65
714 398
714 582
714 637
714 51
714 277
714 505
714 284
714 741
714 101
714 374
714 682
715 368
715 278
715 573
715 277
715 269
715 720
715 644
715 271
715 758
715 763
715 682
715 374
715 741
715 671
716 281
716 488
716 183
716 739
716 56
716 760
716 318
716 763
716 668
716 269
716 173
716 271
716 645
716 758
717 278
717 298
717 690
717 744
717 758
717 54
717 791
717 682
717 269
717 398
717 741
717 488
717 277
717 51
718 354
718 717
718 294
718 51
718 44
718 346
718 309
718 15
718 741
718 758
718 582
718 740
718 763
718 764
719 79
719 695
719 473
719 620
719 254
719 679
719 754
719 211
719 330
719 560
719 380
719 328
719 687
719 550
720 54
720 488
720 210
720 56
720 788
720 791
720 298
720 763
720 277
720 271
720 269
720 310
720 682
720 758
721 57
721 199
721 551
721 592
721 413
721 655
721 266
721 208
721 585
721 665
721 588
721 702
721 698
721 679
722 226
722 681
722 363
722 741
722 622
722 296
722 412
722 656
722 764
722 258
722 345
722 630
722 268
722 262
723 345
723 758
723 399
723 690
723 15
723 674
723 717
723 96
723 324
723 741
723 294
723 764
723 220
723 255
724 324
724 255
724 226
724 409
724 385
724 387
724 728
724 392
724 220
724 627
724 680
724 384
724 323
724 399
725 739
725 573
725 470
725 76
725 271
725 44
725 758
725 277
725 51
725 284
725 741
725 54
725 298
725 65
726 277
726 582
726 61
726 374
726 488
726 298
726 744
726 741
726 127
726 366
726 682
726 398
726 44
726 717
727 272
727 366
727 324
727 258
727 764
727 363
727 346
727 333
727 325
727 692
727 294
727 268
727 255
727 313
728 101
728 57
728 597
728 508
728 759
728 70
728 398
728 353
728 741
728 739
728 60
728 255
728 485
728 383
729 363
729 106
729 415
729 564
729 225
729 268
729 368
729 552
729 15
729 405
729 569
729 294
729 272
729 262
730 68
730 180
730 368
730 268
730 255
730 569
730 741
730 685
730 363
730 304
730 313
730 346
730 412
730 733
731 290
731 258
731 741
731 5
731 551
731 291
731 300
731 809
731 398
731 272
731 316
731 744
731 15
731 764
732 222
732 227
732 764
732 397
732 414
732 412
732 765
732 282
732 272
732 262
732 274
732 569
732 264
732 225
733 758
733 444
733 375
733 288
733 597
733 269
733 602
733 764
733 398
733 379
733 739
733 741
733 467
733 255
734 811
734 272
734 58
734 414
734 300
734 444
734 788
734 741
734 15
734 5
734 291
734 316
734 744
734 284
735 371
735 796
735 551
735 199
735 733
735 60
735 363
735 383
735 739
735 751
735 400
735 606
735 419
735 759
736 744
736 769
736 15
736 300
736 272
736 767
736 367
736 765
736 809
736 5
736 740
736 61
736 569
736 256
737 791
737 625
737 127
737 272
737 406
737 803
737 744
737 444
737 300
737 310
737 278
737 135
737 316
737 794
738 313
738 262
738 296
738 363
738 270
738 733
738 348
738 346
738 294
738 739
738 743
738 315
738 255
738 741
739 65
739 717
739 294
739 76
739 255
739 368
739 758
739 398
739 101
739 741
739 353
739 51
739 597
739 348
740 5
740 291
740 316
740 44
740 298
740 682
740 488
740 744
740 505
740 741
740 444
740 278
740 277
740 290
741 791
741 597
741 127
741 717
741 65
741 277
741 44
741 54
741 744
741 51
741 764
741 758
741 398
741 255
742 258
742 763
742 269
742 765
742 278
742 15
742 758
742 291
742 764
742 368
742 5
742 225
742 740
742 741
743 285
743 740
743 76
743 367
743 54
743 255
743 272
743 398
743 262
743 744
743 15
743 741
743 294
743 368
744 488
744 398
744 277
744 300
744 741
744 740
744 278
744 298
744 44
744 290
744 682
744 316
744 505
744 444
745 278
745 262
745 764
745 294
745 398
745 361
745 740
745 602
745 15
745 637
745 255
745 101
745 741
745 744
746 285
746 812
746 179
746 382
746 256
746 286
746 229
746 18
746 303
746 265
746 5
746 35
746 24
746 765
747 227
747 366
747 272
747 37
747 220
747 741
747 304
747 765
747 260
747 382
747 368
747 270
747 753
747 262
748 764
748 348
748 264
748 268
748 551
748 296
748 739
748 156
748 15
748 304
748 262
748 363
748 383
748 741
749 262
749 733
749 272
749 581
749 363
749 764
749 751
749 741
749 296
749 288
749 145
749 264
749 255
749 220
750 209
750 309
750 758
750 671
750 135
750 298
750 310
750 488
750 374
750 398
750 444
750 277
750 682
750 269
751 427
751 597
751 791
751 374
751 117
751 764
751 602
751 398
751 637
751 290
751 505
751 316
751 741
751 255
752 600
752 377
752 5
752 809
752 370
752 765
752 367
752 394
752 373
752 256
752 382
752 270
752 521
752 227
753 265
753 229
753 794
753 394
753 35
753 227
753 61
753 600
753 809
753 765
753 256
753 5
753 382
753 37
754 751
754 393
754 141
754 363
754 146
754 815
754 220
754 741
754 419
754 739
754 485
754 255
754 383
754 551
755 58
755 51
755 744
755 284
755 298
755 741
755 54
755 65
755 127
755 277
755 488
755 444
755 398
755 791
756 696
756 292
756 216
756 172
756 551
756 367
756 393
756 390
756 227
756 753
756 225
756 666
756 33
756 815
757 0
757 367
757 33
757 415
757 701
757 686
757 370
757 225
757 765
757 227
757 382
757 270
757 394
757 366
758 284
758 682
758 298
758 271
758 65
758 269
758 741
758 791
758 398
758 310
758 54
758 763
758 764
758 44
759 294
759 637
759 470
759 602
759 358
759 685
759 375
759 379
759 255
759 739
759 348
759 60
759 741
759 597
760 278
760 298
760 271
760 65
760 682
760 277
760 56
760 488
760 127
760 763
760 58
760 758
760 398
760 44
761 309
761 739
761 226
761 431
761 352
761 328
761 69
761 202
761 346
761 434
761 356
761 762
761 308
761 392
762 686
762 552
762 767
762 225
762 270
762 370
762 405
762 357
762 650
762 415
762 757
762 335
762 603
762 367
763 193
763 764
763 210
763 269
763 488
763 682
763 56
763 271
763 758
763 298
763 277
763 44
763 720
763 760
764 298
764 744
764 488
764 284
764 791
764 310
764 269
764 290
764 398
764 758
764 741
764 444
764 316
764 682
765 9
765 444
765 227
765 56
765 382
765 671
765 794
765 265
765 298
765 291
765 256
765 812
765 5
765 285
766 602
766 796
766 375
766 220
766 118
766 733
766 288
766 422
766 764
766 387
766 751
766 399
766 401
766 409
767 339
767 310
767 265
767 367
767 765
767 370
767 256
767 225
767 5
767 382
767 394
767 415
767 741
767 262
768 183
768 433
768 316
768 578
768 444
768 179
768 64
768 298
768 310
768 788
768 811
768 812
768 426
768 590
769 179
769 444
769 37
769 794
769 204
769 740
769 272
769 291
769 382
769 5
769 265
769 765
769 339
769 256
770 416
770 744
770 505
770 272
770 682
770 61
770 815
770 398
770 374
770 717
770 741
770 101
770 751
770 637
771 196
771 146
771 272
771 764
771 313
771 741
771 398
771 15
771 262
771 412
771 409
771 258
771 220
771 294
772 59
772 754
772 189
772 798
772 393
772 60
772 275
772 383
772 371
772 266
772 800
772 728
772 363
772 220
773 310
773 394
773 117
773 788
773 505
773 277
773 300
773 741
773 427
773 398
773 316
773 791
773 682
773 488
774 485
774 661
774 334
774 728
774 383
774 353
774 328
774 708
774 356
774 739
774 551
774 815
774 70
774 393
775 288
775 25
775 363
775 393
775 272
775 358
775 759
775 808
775 383
775 287
775 733
775 567
775 739
775 348
776 323
776 361
776 765
776 225
776 201
776 227
776 256
776 809
776 367
776 368
776 375
776 410
776 637
776 339
777 225
777 267
777 788
777 193
777 286
777 173
777 793
777 154
777 765
777 227
777 229
777 38
777 578
777 382
778 720
778 256
778 781
778 229
778 227
778 265
778 271
778 183
778 286
778 298
778 318
778 56
778 765
778 0
779 294
779 284
779 368
779 692
779 741
779 51
779 262
779 70
779 370
779 225
779 255
779 62
779 2
779 101
780 65
780 405
780 292
780 51
780 741
780 63
780 62
780 339
780 398
780 785
780 70
780 101
780 686
780 370
781 207
781 54
781 758
781 682
781 227
781 298
781 193
781 271
781 318
781 44
781 398
781 488
781 760
781 56
782 367
782 335
782 757
782 346
782 282
782 370
782 62
782 405
782 762
782 767
782 552
782 368
782 225
782 785
783 803
783 54
783 788
783 505
783 271
783 741
783 154
783 358
783 809
783 8
783 682
783 209
783 193
783 38
784 573
784 92
784 783
784 284
784 282
784 370
784 368
784 367
784 225
784 15
784 258
784 262
784 765
784 5
785 281
785 15
785 269
785 250
785 339
785 758
785 51
785 398
785 368
785 165
785 62
785 44
785 225
785 741
786 569
786 414
786 2
786 201
786 284
786 68
786 758
786 368
786 764
786 148
786 225
786 262
786 146
786 292
787 227
787 172
787 209
787 682
787 292
787 284
787 298
787 271
787 717
787 250
787 58
787 183
787 4
787 63
788 398
788 444
788 277
788 193
788 682
788 298
788 794
788 210
788 310
788 811
788 578
788 505
788 316
788 791
789 61
789 35
789 765
789 256
789 394
789 367
789 272
789 809
789 37
789 811
789 382
789 600
789 794
789 799
790 811
790 146
790 578
790 791
790 217
790 788
790 220
790 364
790 803
790 414
790 744
790 812
790 362
790 201
791 488
791 269
791 794
791 290
791 682
791 44
791 316
791 298
791 310
791 58
791 788
791 398
791 277
791 127
792 810
792 798
792 201
792 799
792 805
792 795
792 794
792 808
792 809
792 793
792 811
792 225
792 789
792 274
793 291
793 619
793 298
793 290
793 578
793 272
793 812
793 808
793 765
793 809
793 811
793 791
793 788
793 794
794 135
794 310
794 5
794 127
794 278
794 682
794 406
794 788
794 809
794 316
794 811
794 272
794 791
794 444
795 811
795 394
795 44
795 270
795 298
795 127
795 741
795 366
795 809
795 398
795 794
795 791
795 788
795 256
796 741
796 795
796 117
796 220
796 798
796 797
796 551
796 811
796 398
796 809
796 808
796 788
796 803
796 791
797 812
797 398
797 764
797 272
797 805
797 791
797 220
797 808
797 809
797 394
797 811
797 803
797 795
797 796
798 425
798 399
798 809
798 794
798 249
798 791
798 220
798 808
798 795
798 741
798 811
798 788
798 802
798 796
799 764
799 225
799 765
799 366
799 578
799 795
799 794
799 809
799 394
799 811
799 812
799 5
799 310
799 788
800 741
800 802
800 796
800 793
800 805
800 136
800 371
800 425
800 399
800 637
800 25
800 220
800 808
800 798
801 582
801 415
801 183
801 370
801 270
801 809
801 37
801 225
801 394
801 256
801 805
801 366
801 799
801 795
802 578
802 803
802 793
802 788
802 798
802 364
802 791
802 809
802 810
802 811
802 812
802 796
802 590
802 794
803 5
803 794
803 578
803 744
803 58
803 310
803 788
803 809
803 682
803 791
803 812
803 398
803 316
803 9
804 682
804 290
804 117
804 427
804 764
804 272
804 791
804 316
804 406
804 444
804 811
804 422
804 788
804 794
805 2
805 758
805 101
805 717
805 374
805 682
805 398
805 809
805 278
805 764
805 508
805 61
805 741
805 117
806 412
806 407
806 402
806 764
806 805
806 220
806 808
806 414
806 797
806 811
806 145
806 796
806 793
806 788
807 796
807 363
807 220
807 258
807 364
807 741
807 808
807 805
807 68
807 296
807 362
807 798
807 145
807 371
808 803
808 398
808 316
808 794
808 796
808 793
808 394
808 809
808 791
808 811
808 812
808 788
808 764
808 220
809 600
809 277
809 794
809 788
809 682
809 394
809 256
809 127
809 316
809 310
809 398
809 300
809 803
809 791
810 222
810 788
810 803
810 220
810 426
810 794
810 201
810 808
810 809
810 811
810 812
810 406
810 793
810 802
811 406
811 135
811 444
811 310
811 298
811 316
811 290
811 791
811 809
811 794
811 812
811 5
811 682
811 788
812 210
812 310
812 803
812 791
812 765
812 744
812 5
812 809
812 625
812 444
812 811
812 788
812 298
812 316
813 401
813 220
813 201
813 239
813 159
813 346
813 412
813 282
813 296
813 810
813 308
813 309
813 226
813 206
814 145
814 313
814 422
814 401
814 402
814 380
814 400
814 623
814 391
814 182
814 199
814 517
814 592
814 551
815 353
815 65
815 717
815 58
815 682
815 70
815 294
815 741
815 374
815 398
815 101
815 416
815 637
815 2
