0 392
0 26
0 18
0 222
0 7
0 448
0 15
0 12
0 13
1 268
1 385
1 15
1 300
1 279
1 50
1 288
1 263
1 453
2 103
2 257
2 441
2 291
2 272
2 206
2 271
2 346
2 121
3 370
3 439
3 16
3 508
3 119
3 323
3 339
3 123
3 421
4 476
4 189
4 259
4 186
4 270
4 84
4 339
4 94
4 123
5 241
5 25
5 23
5 346
5 271
5 109
5 103
5 22
5 259
6 28
6 312
6 476
6 208
6 23
6 103
6 403
6 178
6 22
7 349
7 112
7 17
7 208
7 403
7 394
7 420
7 134
7 358
8 279
8 103
8 395
8 453
8 186
8 346
8 409
8 135
8 105
9 28
9 312
9 240
9 430
9 178
9 123
9 214
9 483
9 472
10 240
10 236
10 299
10 109
10 436
10 495
10 67
10 221
10 19
11 22
11 313
11 39
11 441
11 23
11 271
11 208
11 84
11 240
12 312
12 457
12 371
12 346
12 18
12 134
12 109
12 23
12 436
13 269
13 426
13 420
13 268
13 314
13 57
13 334
13 12
13 186
14 354
14 270
14 483
14 339
14 23
14 421
14 41
14 272
14 198
15 134
15 516
15 263
15 198
15 371
15 103
15 22
15 208
15 18
16 323
16 123
16 208
16 119
16 421
16 339
16 476
16 22
16 103
17 23
17 134
17 346
17 133
17 490
17 109
17 241
17 416
17 394
18 52
18 259
18 181
18 516
18 103
18 198
18 208
18 22
18 23
19 103
19 274
19 23
19 345
19 272
19 346
19 208
19 22
19 516
20 186
20 113
20 316
20 28
20 216
20 84
20 459
20 103
20 439
21 360
21 340
21 388
21 43
21 422
21 69
21 105
21 308
21 268
22 332
22 18
22 516
22 476
22 271
22 23
22 103
22 208
22 198
23 490
23 109
23 103
23 516
23 208
23 22
23 241
23 198
23 313
24 44
24 221
24 475
24 299
24 103
24 219
24 427
24 495
24 240
25 5
25 516
25 208
25 181
25 312
25 241
25 22
25 103
25 23
26 28
26 420
26 23
26 52
26 22
26 18
26 198
26 181
26 103
27 112
27 353
27 17
27 79
27 425
27 429
27 299
27 319
27 413
28 271
28 208
28 312
28 516
28 23
28 22
28 181
28 103
28 198
29 372
29 388
29 269
29 179
29 394
29 236
29 368
29 219
29 204
30 332
30 23
30 300
30 52
30 123
30 22
30 208
30 18
30 453
31 450
31 421
31 272
31 23
31 19
31 208
31 472
31 198
31 144
32 257
32 186
32 187
32 346
32 112
32 16
32 208
32 472
32 103
33 103
33 345
33 23
33 52
33 339
33 271
33 366
33 22
33 208
34 79
34 441
34 371
34 346
34 421
34 109
34 354
34 198
34 416
35 134
35 123
35 416
35 208
35 198
35 421
35 103
35 22
35 16
36 255
36 208
36 432
36 292
36 366
36 453
36 385
36 103
36 6
37 259
37 459
37 39
37 516
37 416
37 198
37 103
37 123
37 208
38 187
38 439
38 495
38 323
38 123
38 476
38 103
38 416
38 16
39 208
39 257
39 22
39 272
39 23
39 123
39 332
39 416
39 363
40 371
40 323
40 288
40 48
40 421
40 346
40 179
40 416
40 208
41 459
41 291
41 22
41 23
41 208
41 271
41 198
41 119
41 94
42 109
42 259
42 173
42 359
42 170
42 312
42 308
42 17
42 113
43 312
43 409
43 186
43 313
43 257
43 18
43 346
43 395
43 436
44 472
44 416
44 241
44 208
44 291
44 103
44 23
44 198
44 219
45 345
45 528
45 78
45 19
45 333
45 160
45 369
45 321
45 144
46 323
46 401
46 300
46 420
46 240
46 103
46 134
46 453
46 475
47 109
47 187
47 88
47 468
47 334
47 361
47 346
47 416
47 176
48 44
48 312
48 23
48 490
48 198
48 208
48 241
48 421
48 103
49 222
49 504
49 468
49 188
49 205
49 105
49 454
49 392
49 495
50 274
50 257
50 18
50 421
50 516
50 300
50 346
50 323
50 401
51 84
51 189
51 5
51 22
51 259
51 80
51 103
51 331
51 99
52 28
52 291
52 457
52 22
52 476
52 103
52 332
52 23
52 271
53 286
53 281
53 353
53 368
53 264
53 369
53 445
53 333
53 247
54 19
54 401
54 48
54 70
54 385
54 420
54 208
54 358
54 416
55 458
55 441
55 123
55 323
55 22
55 208
55 272
55 119
55 144
56 349
56 178
56 498
56 346
56 323
56 416
56 103
56 219
56 472
57 420
57 313
57 23
57 134
57 346
57 208
57 416
57 103
57 198
58 333
58 472
58 445
58 70
58 274
58 368
58 19
58 382
58 281
59 208
59 23
59 241
59 22
59 416
59 490
59 259
59 103
59 312
60 353
60 476
60 508
60 145
60 144
60 366
60 528
60 16
60 103
61 269
61 179
61 343
61 404
61 112
61 7
61 371
61 95
61 69
62 385
62 208
62 123
62 508
62 292
62 323
62 16
62 421
62 55
63 371
63 50
63 302
63 279
63 366
63 432
63 30
63 15
63 288
64 46
64 70
64 99
64 67
64 420
64 103
64 279
64 453
64 495
65 186
65 67
65 73
65 18
65 334
65 12
65 181
65 436
65 5
66 352
66 85
66 10
66 406
66 322
66 328
66 347
66 454
66 205
67 495
67 361
67 300
67 259
67 208
67 346
67 476
67 198
67 103
68 339
68 272
68 421
68 23
68 104
68 39
68 508
68 208
68 123
69 268
69 234
69 394
69 109
69 404
69 346
69 241
69 208
69 23
70 257
70 490
70 409
70 516
70 103
70 346
70 23
70 259
70 22
71 358
71 70
71 84
71 441
71 123
71 263
71 323
71 401
71 312
72 67
72 420
72 129
72 7
72 475
72 184
72 347
72 48
72 337
73 123
73 271
73 259
73 241
73 198
73 291
73 22
73 23
73 103
74 259
74 103
74 393
74 41
74 368
74 528
74 382
74 123
74 59
75 178
75 383
75 269
75 346
75 300
75 219
75 5
75 394
75 361
76 85
76 308
76 233
76 268
76 495
76 50
76 67
76 105
76 195
77 263
77 490
77 123
77 23
77 476
77 5
77 186
77 208
77 271
78 335
78 16
78 472
78 112
78 333
78 528
78 228
78 368
78 377
79 368
79 103
79 441
79 416
79 198
79 208
79 421
79 472
79 219
80 393
80 483
80 291
80 23
80 22
80 490
80 28
80 103
80 259
81 274
81 362
81 369
81 144
81 19
81 345
81 333
81 131
81 443
82 6
82 409
82 18
82 421
82 15
82 527
82 272
82 420
82 181
83 263
83 23
83 367
83 490
83 206
83 208
83 313
83 271
83 346
84 313
84 403
84 23
84 441
84 271
84 198
84 103
84 22
84 208
85 404
85 527
85 263
85 158
85 269
85 279
85 195
85 475
85 67
86 425
86 421
86 368
86 323
86 112
86 319
86 79
86 472
86 119
87 528
87 323
87 187
87 103
87 109
87 311
87 178
87 44
87 208
88 404
88 5
88 67
88 134
88 416
88 259
88 109
88 495
88 346
89 272
89 144
89 441
89 425
89 368
89 319
89 79
89 443
89 362
90 312
90 109
90 334
90 483
90 5
90 103
90 22
90 416
90 25
91 263
91 2
91 178
91 84
91 19
91 173
91 393
91 498
91 530
92 52
92 187
92 198
92 23
92 22
92 476
92 334
92 103
92 208
93 207
93 416
93 394
93 312
93 241
93 17
93 381
93 346
93 308
94 332
94 313
94 441
94 271
94 272
94 22
94 119
94 208
94 23
95 404
95 208
95 268
95 69
95 112
95 282
95 219
95 400
95 346
96 121
96 365
96 3
96 238
96 354
96 440
96 334
96 300
96 41
97 5
97 241
97 416
97 219
97 204
97 394
97 187
97 346
97 269
98 52
98 508
98 22
98 123
98 23
98 421
98 339
98 198
98 18
99 259
99 219
99 312
99 178
99 472
99 420
99 6
99 103
99 23
100 476
100 22
100 94
100 508
100 41
100 339
100 119
100 198
100 123
101 144
101 272
101 416
101 366
101 350
101 39
101 103
101 208
101 339
102 176
102 308
102 381
102 88
102 150
102 256
102 388
102 530
102 47
103 476
103 241
103 516
103 28
103 198
103 291
103 208
103 22
103 23
104 103
104 339
104 208
104 68
104 241
104 23
104 350
104 394
104 508
105 257
105 134
105 69
105 259
105 318
105 395
105 204
105 346
105 420
106 426
106 134
106 432
106 15
106 420
106 57
106 67
106 279
106 129
107 490
107 334
107 395
107 393
107 346
107 103
107 22
107 257
107 214
108 334
108 269
108 158
108 15
108 346
108 340
108 75
108 230
108 372
109 346
109 103
109 208
109 198
109 416
109 259
109 241
109 23
109 22
110 119
110 226
110 94
110 528
110 272
110 144
110 368
110 333
110 443
111 59
111 439
111 241
111 238
111 490
111 300
111 468
111 269
111 495
112 103
112 198
112 416
112 23
112 241
112 346
112 134
112 208
112 403
113 219
113 178
113 173
113 416
113 350
113 241
113 79
113 84
113 208
114 472
114 333
114 345
114 443
114 379
114 528
114 429
114 272
114 144
115 483
115 134
115 208
115 476
115 401
115 453
115 103
115 30
115 123
116 416
116 421
116 312
116 18
116 103
116 23
116 22
116 198
116 208
117 270
117 119
117 16
117 271
117 441
117 22
117 476
117 272
117 144
118 429
118 124
118 6
118 145
118 372
118 385
118 333
118 450
118 483
119 23
119 272
119 198
119 313
119 22
119 421
119 441
119 271
119 208
120 204
120 16
120 323
120 259
120 103
120 416
120 420
120 187
120 476
121 208
121 103
121 241
121 198
121 23
121 291
121 219
121 490
121 22
122 332
122 22
122 291
122 339
122 23
122 259
122 103
122 208
122 18
123 291
123 323
123 119
123 339
123 198
123 208
123 103
123 23
123 22
124 366
124 112
124 208
124 508
124 349
124 403
124 350
124 228
124 104
125 490
125 204
125 241
125 236
125 219
125 103
125 134
125 416
125 346
126 208
126 366
126 198
126 292
126 508
126 342
126 103
126 178
126 385
127 123
127 323
127 16
127 459
127 472
127 186
127 187
127 476
127 3
128 300
128 377
128 3
128 50
128 34
128 187
128 15
128 67
128 343
129 269
129 109
129 385
129 366
129 420
129 476
129 16
129 6
129 208
130 148
130 100
130 214
130 140
130 353
130 382
130 253
130 172
130 226
131 441
131 274
131 345
131 333
131 208
131 362
131 144
131 272
131 443
132 123
132 198
132 323
132 23
132 483
132 270
132 22
132 257
132 490
133 208
133 490
133 198
133 346
133 23
133 109
133 134
133 17
133 416
134 208
134 109
134 476
134 22
134 23
134 103
134 416
134 516
134 241
135 257
135 23
135 28
135 181
135 22
135 39
135 346
135 332
135 208
136 516
136 123
136 198
136 241
136 22
136 291
136 23
136 103
136 208
137 57
137 186
137 508
137 377
137 34
137 62
137 423
137 394
137 94
138 6
138 214
138 84
138 103
138 271
138 453
138 483
138 80
138 186
139 103
139 476
139 323
139 187
139 38
139 319
139 528
139 368
139 123
140 226
140 333
140 476
140 257
140 394
140 528
140 368
140 144
140 443
141 416
141 381
141 59
141 490
141 67
141 444
141 73
141 259
141 5
142 39
142 5
142 23
142 416
142 257
142 346
142 490
142 241
142 395
143 67
143 300
143 323
143 495
143 472
143 103
143 123
143 16
143 52
144 274
144 208
144 333
144 362
144 345
144 441
144 443
144 22
144 272
145 476
145 189
145 508
145 23
145 22
145 103
145 198
145 208
145 271
146 103
146 312
146 490
146 269
146 204
146 59
146 241
146 334
146 259
147 527
147 208
147 236
147 259
147 103
147 271
147 23
147 198
147 22
148 271
148 119
148 476
148 84
148 103
148 198
148 263
148 22
148 208
149 75
149 50
149 428
149 492
149 67
149 367
149 346
149 279
149 495
150 204
150 352
150 105
150 489
150 504
150 381
150 346
150 176
150 47
151 476
151 346
151 490
151 416
151 257
151 381
151 204
151 259
151 109
152 456
152 179
152 125
152 234
152 268
152 346
152 222
152 12
152 238
153 483
153 73
153 259
153 103
153 67
153 416
153 334
153 346
153 109
154 354
154 368
154 178
154 342
154 484
154 385
154 476
154 366
154 419
155 529
155 382
155 226
155 177
155 214
155 44
155 393
155 330
155 291
156 403
156 421
156 219
156 472
156 527
156 453
156 508
156 349
156 208
157 269
157 394
157 219
157 368
157 208
157 421
157 198
157 472
157 79
158 527
158 483
158 257
158 420
158 441
158 23
158 346
158 263
158 323
159 300
159 259
159 416
159 346
159 198
159 70
159 208
159 84
159 103
160 22
160 368
160 445
160 19
160 379
160 333
160 272
160 144
160 345
161 5
161 57
161 15
161 432
161 420
161 23
161 516
161 18
161 12
162 241
162 334
162 263
162 421
162 476
162 394
162 103
162 123
162 134
163 22
163 103
163 490
163 257
163 476
163 346
163 393
163 361
163 208
164 516
164 28
164 240
164 472
164 103
164 23
164 312
164 6
164 409
165 420
165 103
165 416
165 404
165 346
165 18
165 198
165 208
165 23
166 219
166 187
166 354
166 334
166 416
166 468
166 382
166 476
166 22
167 18
167 530
167 450
167 15
167 527
167 323
167 420
167 187
167 19
168 16
168 208
168 94
168 67
168 476
168 416
168 18
168 15
168 145
169 237
169 252
169 321
169 287
169 33
169 253
169 63
169 279
169 471
170 349
170 346
170 269
170 219
170 394
170 259
170 234
170 109
170 5
171 334
171 6
171 28
171 103
171 52
171 22
171 476
171 346
171 23
172 241
172 483
172 208
172 103
172 94
172 403
172 416
172 339
172 84
173 241
173 236
173 25
173 103
173 291
173 346
173 208
173 312
173 22
174 354
174 443
174 55
174 382
174 276
174 429
174 445
174 483
174 144
175 204
175 284
175 390
175 453
175 300
175 475
175 366
175 216
175 240
176 236
176 472
176 381
176 416
176 204
176 173
176 334
176 346
176 368
177 257
177 84
177 208
177 73
177 312
177 271
177 291
177 23
177 22
178 313
178 508
178 109
178 241
178 103
178 22
178 208
178 198
178 23
179 236
179 527
179 346
179 198
179 263
179 416
179 125
179 268
179 219
180 349
180 393
180 187
180 358
180 394
180 127
180 368
180 70
180 219
181 25
181 18
181 28
181 103
181 208
181 198
181 395
181 23
181 22
182 148
182 216
182 375
182 9
182 393
182 173
182 430
182 214
182 155
183 384
183 514
183 388
183 504
183 422
183 219
183 7
183 308
183 269
184 490
184 103
184 22
184 420
184 346
184 241
184 23
184 259
184 109
185 489
185 492
185 381
185 195
185 473
185 47
185 388
185 530
185 352
186 271
186 208
186 94
186 490
186 22
186 23
186 354
186 257
186 332
187 346
187 22
187 103
187 219
187 416
187 23
187 198
187 259
187 208
188 84
188 403
188 18
188 112
188 208
188 23
188 69
188 70
188 346
189 490
189 271
189 259
189 208
189 84
189 198
189 23
189 103
189 22
190 346
190 103
190 410
190 453
190 282
190 23
190 181
190 366
190 432
191 263
191 441
191 445
191 272
191 48
191 429
191 55
191 208
191 39
192 109
192 48
192 44
192 219
192 291
192 178
192 476
192 103
192 498
193 214
193 346
193 23
193 516
193 28
193 272
193 103
193 22
193 144
194 187
194 416
194 236
194 468
194 259
194 103
194 498
194 121
194 291
195 257
195 318
195 5
195 67
195 346
195 527
195 259
195 361
195 416
196 142
196 79
196 394
196 368
196 67
196 144
196 490
196 257
196 241
197 48
197 187
197 346
197 300
197 382
197 385
197 472
197 361
197 221
198 421
198 291
198 22
198 103
198 508
198 23
198 208
198 274
198 263
199 241
199 208
199 48
199 109
199 421
199 198
199 103
199 23
199 508
200 17
200 230
200 361
200 133
200 195
200 388
200 352
200 308
200 327
201 109
201 259
201 73
201 409
201 142
201 241
201 23
201 404
201 346
202 334
202 5
202 452
202 416
202 219
202 88
202 34
202 230
202 269
203 476
203 346
203 257
203 198
203 291
203 23
203 103
203 208
203 123
204 291
204 73
204 23
204 241
204 416
204 259
204 257
204 103
204 346
205 103
205 241
205 240
205 204
205 416
205 109
205 346
205 495
205 498
206 516
206 346
206 208
206 445
206 22
206 271
206 441
206 251
206 272
207 236
207 346
207 394
207 259
207 208
207 134
207 103
207 241
207 490
208 119
208 84
208 490
208 272
208 198
208 22
208 103
208 345
208 23
209 28
209 70
209 472
209 284
209 99
209 312
209 103
209 6
209 22
210 103
210 490
210 259
210 346
210 268
210 187
210 67
210 416
210 263
211 187
211 195
211 67
211 236
211 404
211 527
211 259
211 69
211 346
212 371
212 243
212 423
212 421
212 288
212 158
212 40
212 15
212 263
213 453
213 439
213 528
213 419
213 187
213 3
213 38
213 366
213 103
214 178
214 312
214 332
214 181
214 259
214 103
214 123
214 23
214 22
215 353
215 252
215 429
215 253
215 322
215 406
215 424
215 57
215 129
216 22
216 385
216 198
216 459
216 208
216 123
216 18
216 103
216 263
217 428
217 29
217 7
217 455
217 347
217 75
217 149
217 179
217 279
218 25
218 269
218 346
218 207
218 241
218 142
218 17
218 490
218 69
219 22
219 421
219 187
219 208
219 23
219 416
219 472
219 103
219 198
220 346
220 372
220 308
220 388
220 34
220 422
220 230
220 67
220 195
221 259
221 23
221 420
221 240
221 5
221 361
221 103
221 334
221 516
222 67
222 416
222 269
222 346
222 109
222 259
222 388
222 311
222 69
223 483
223 208
223 527
223 495
223 420
223 22
223 23
223 103
223 476
224 333
224 112
224 443
224 445
224 19
224 55
224 70
224 353
224 272
225 429
225 272
225 312
225 112
225 17
225 178
225 311
225 354
225 6
226 319
226 472
226 144
226 369
226 271
226 441
226 443
226 272
226 362
227 404
227 123
227 16
227 302
227 57
227 18
227 377
227 112
227 67
228 208
228 23
228 345
228 421
228 119
228 339
228 370
228 198
228 508
229 67
229 416
229 5
229 109
229 334
229 404
229 148
229 219
229 34
230 57
230 269
230 5
230 361
230 299
230 219
230 416
230 109
230 483
231 373
231 270
231 22
231 15
231 391
231 516
231 18
231 279
231 288
232 73
232 204
232 313
232 346
232 416
232 208
232 198
232 421
232 23
233 219
233 300
233 105
233 454
233 204
233 184
233 195
233 346
233 67
234 236
234 17
234 259
234 109
234 198
234 241
234 208
234 23
234 346
235 490
235 271
235 516
235 312
235 28
235 291
235 416
235 73
235 103
236 219
236 490
236 346
236 291
236 22
236 198
236 103
236 208
236 23
237 55
237 124
237 403
237 349
237 228
237 48
237 112
237 17
237 7
238 123
238 22
238 346
238 103
238 257
238 208
238 23
238 421
238 39
239 23
239 323
239 459
239 421
239 198
239 208
239 103
239 22
239 476
240 198
240 312
240 103
240 241
240 22
240 516
240 208
240 23
240 28
241 134
241 208
241 490
241 416
241 22
241 198
241 109
241 103
241 23
242 177
242 207
242 382
242 144
242 226
242 70
242 272
242 443
242 186
243 279
243 186
243 404
243 219
243 323
243 432
243 436
243 421
243 385
244 28
244 295
244 271
244 103
244 387
244 2
244 310
244 445
244 443
245 393
245 176
245 148
245 84
245 361
245 381
245 113
245 236
245 5
246 483
246 346
246 472
246 189
246 259
246 516
246 198
246 22
246 103
247 272
247 19
247 333
247 445
247 33
247 281
247 345
247 286
247 369
248 208
248 268
248 346
248 420
248 25
248 6
248 371
248 432
248 181
249 214
249 288
249 19
249 187
249 186
249 18
249 300
249 377
249 15
250 222
250 360
250 352
250 29
250 394
250 34
250 157
250 388
250 444
251 441
251 186
251 313
251 206
251 257
251 23
251 272
251 445
251 271
252 186
252 238
252 251
252 346
252 354
252 401
252 300
252 424
252 268
253 313
253 346
253 300
253 271
253 279
253 419
253 483
253 186
253 445
254 394
254 47
254 207
254 259
254 109
254 361
254 346
254 5
254 476
255 103
255 421
255 441
255 198
255 208
255 272
255 23
255 22
255 119
256 268
256 103
256 530
256 187
256 219
256 383
256 241
256 498
256 346
257 441
257 208
257 103
257 490
257 332
257 395
257 346
257 23
257 22
258 22
258 259
258 263
258 490
258 208
258 346
258 300
258 271
258 206
259 490
259 241
259 516
259 208
259 103
259 22
259 23
259 109
259 5
260 119
260 366
260 333
260 472
260 429
260 103
260 385
260 453
260 421
261 67
261 123
261 483
261 240
261 208
261 18
261 57
261 495
261 103
262 103
262 426
262 300
262 48
262 123
262 421
262 187
262 472
262 219
263 490
263 312
263 103
263 421
263 441
263 23
263 208
263 22
263 198
264 319
264 421
264 368
264 144
264 333
264 274
264 445
264 272
264 345
265 361
265 259
265 2
265 178
265 187
265 468
265 346
265 483
265 109
266 366
266 103
266 104
266 350
266 123
266 508
266 528
266 476
266 16
267 281
267 369
267 353
267 296
267 272
267 251
267 276
267 445
267 206
268 312
268 18
268 109
268 208
268 23
268 420
268 346
268 416
268 241
269 23
269 394
269 219
269 490
269 198
269 109
269 241
269 208
269 416
270 312
270 332
270 362
270 274
270 345
270 22
270 272
270 23
270 271
271 313
271 103
271 94
271 272
271 208
271 23
271 119
271 441
271 22
272 119
272 362
272 274
272 23
272 22
272 441
272 345
272 144
272 208
273 453
273 339
273 385
273 342
273 103
273 178
273 123
273 119
273 100
274 103
274 22
274 208
274 272
274 23
274 441
274 421
274 345
274 198
275 259
275 198
275 103
275 346
275 263
275 208
275 22
275 23
275 516
276 445
276 103
276 345
276 429
276 263
276 441
276 272
276 346
276 208
277 23
277 263
277 354
277 385
277 134
277 476
277 16
277 22
277 181
278 187
278 46
278 300
278 30
278 3
278 366
278 16
278 377
278 18
279 420
279 453
279 57
279 404
279 288
279 516
279 346
279 432
279 23
280 208
280 70
280 516
280 5
280 271
280 23
280 346
280 490
280 332
281 206
281 353
281 19
281 274
281 429
281 272
281 208
281 345
281 445
282 257
282 395
282 23
282 112
282 490
282 313
282 346
282 198
282 208
283 238
283 360
283 346
283 361
283 423
283 300
283 258
283 230
283 322
284 22
284 198
284 23
284 28
284 123
284 483
284 103
284 291
284 44
285 181
285 516
285 313
285 272
285 409
285 371
285 318
285 445
285 18
286 516
286 208
286 445
286 346
286 371
286 19
286 281
286 475
286 353
287 255
287 70
287 144
287 272
287 312
287 186
287 251
287 445
287 206
288 22
288 385
288 366
288 103
288 421
288 312
288 457
288 432
288 23
289 94
289 490
289 178
289 459
289 119
289 208
289 48
289 300
289 476
290 516
290 419
290 401
290 288
290 318
290 18
290 453
290 475
290 432
291 312
291 271
291 123
291 490
291 23
291 208
291 22
291 198
291 103
292 366
292 385
292 178
292 208
292 22
292 23
292 508
292 198
292 103
293 354
293 22
293 18
293 476
293 208
293 187
293 516
293 495
293 103
294 259
294 416
294 184
294 516
294 219
294 187
294 354
294 70
294 204
295 291
295 312
295 259
295 208
295 241
295 103
295 23
295 346
295 198
296 483
296 272
296 22
296 271
296 206
296 25
296 332
296 103
296 516
297 528
297 38
297 377
297 103
297 483
297 15
297 284
297 216
297 3
298 435
298 446
298 516
298 334
298 377
298 369
298 346
298 312
298 19
299 198
299 361
299 429
299 416
299 323
299 219
299 79
299 208
299 441
300 274
300 259
300 516
300 361
300 208
300 346
300 490
300 198
300 103
301 281
301 335
301 144
301 214
301 443
301 272
301 345
301 333
301 366
302 346
302 409
302 371
302 318
302 312
302 18
302 198
302 401
302 263
303 113
303 417
303 79
303 204
303 378
303 57
303 308
303 125
303 352
304 476
304 516
304 345
304 366
304 208
304 22
304 28
304 379
304 103
305 103
305 94
305 339
305 16
305 416
305 421
305 429
305 123
305 39
306 145
306 19
306 103
306 15
306 382
306 67
306 187
306 483
306 300
307 346
307 332
307 312
307 238
307 123
307 257
307 339
307 354
307 483
308 269
308 268
308 346
308 125
308 195
308 69
308 17
308 394
308 388
309 435
309 2
309 446
309 25
309 271
309 5
309 73
309 204
309 346
310 198
310 28
310 274
310 23
310 103
310 272
310 208
310 345
310 22
311 208
311 476
311 346
311 6
311 178
311 312
311 103
311 416
311 109
312 272
312 416
312 28
312 208
312 313
312 103
312 22
312 198
312 23
313 332
313 271
313 272
313 312
313 198
313 208
313 23
313 119
313 22
314 18
314 6
314 22
314 457
314 409
314 52
314 334
314 332
314 23
315 123
315 332
315 409
315 6
315 346
315 23
315 257
315 22
315 103
316 401
316 516
316 432
316 421
316 445
316 366
316 453
316 385
316 123
317 39
317 48
317 421
317 238
317 346
317 300
317 385
317 416
317 240
318 413
318 5
318 241
318 23
318 259
318 346
318 409
318 404
318 420
319 472
319 291
319 508
319 94
319 103
319 271
319 22
319 198
319 119
320 319
320 366
320 6
320 339
320 403
320 348
320 84
320 342
320 508
321 368
321 323
321 19
321 144
321 445
321 160
321 443
321 333
321 429
322 394
322 416
322 79
322 57
322 346
322 436
322 300
322 361
322 382
323 219
323 22
323 23
323 198
323 103
323 123
323 208
323 472
323 421
324 208
324 134
324 436
324 6
324 432
324 312
324 385
324 366
324 332
325 385
325 272
325 18
325 216
325 103
325 363
325 22
325 371
325 208
326 16
326 23
326 119
326 313
326 350
326 472
326 39
326 366
326 508
327 318
327 360
327 57
327 269
327 346
327 413
327 17
327 268
327 404
328 393
328 7
328 403
328 48
328 133
328 527
328 394
328 361
328 420
329 354
329 5
329 451
329 416
329 109
329 436
329 178
329 187
329 259
330 472
330 198
330 23
330 178
330 6
330 312
330 103
330 291
330 346
331 332
331 103
331 109
331 18
331 22
331 516
331 241
331 208
331 23
332 272
332 346
332 103
332 516
332 271
332 313
332 22
332 23
332 257
333 270
333 443
333 208
333 362
333 274
333 441
333 272
333 345
333 144
334 516
334 52
334 198
334 23
334 346
334 103
334 476
334 332
334 22
335 483
335 119
335 208
335 103
335 198
335 345
335 274
335 272
335 22
336 16
336 28
336 214
336 366
336 103
336 48
336 148
336 453
336 312
337 94
337 23
337 312
337 22
337 421
337 270
337 272
337 208
337 339
338 502
338 103
338 453
338 48
338 38
338 123
338 30
338 366
338 3
339 421
339 16
339 94
339 208
339 123
339 508
339 198
339 23
339 22
340 234
340 7
340 358
340 372
340 254
340 346
340 204
340 308
340 388
341 103
341 323
341 263
341 346
341 84
341 198
341 109
341 208
341 291
342 508
342 178
342 119
342 123
342 23
342 208
342 198
342 103
342 22
343 16
343 346
343 490
343 134
343 198
343 259
343 103
343 123
343 394
344 288
344 508
344 401
344 371
344 302
344 366
344 432
344 25
344 385
345 443
345 441
345 23
345 144
345 272
345 208
345 22
345 198
345 274
346 109
346 271
346 332
346 208
346 22
346 257
346 416
346 23
346 103
347 263
347 300
347 23
347 198
347 346
347 103
347 208
347 18
347 475
348 350
348 441
348 362
348 22
348 144
348 208
348 119
348 272
348 84
349 22
349 472
349 403
349 103
349 134
349 208
349 508
349 23
349 198
350 490
350 403
350 22
350 103
350 198
350 23
350 208
350 241
350 508
351 22
351 362
351 272
351 109
351 382
351 41
351 271
351 6
351 483
352 195
352 361
352 450
352 207
352 133
352 388
352 79
352 308
352 394
353 441
353 272
353 271
353 144
353 208
353 345
353 198
353 312
353 416
354 476
354 490
354 23
354 416
354 103
354 516
354 22
354 208
354 272
355 443
355 353
355 429
355 19
355 368
355 79
355 333
355 89
355 441
356 401
356 404
356 453
356 263
356 366
356 103
356 259
356 23
356 208
357 416
357 323
357 371
357 208
357 198
357 527
357 219
357 421
357 187
358 109
358 208
358 312
358 198
358 219
358 23
358 103
358 346
358 516
359 394
359 17
359 39
359 134
359 312
359 441
359 208
359 84
359 23
360 18
360 394
360 236
360 318
360 490
360 17
360 259
360 346
360 268
361 416
361 476
361 22
361 219
361 346
361 23
361 198
361 208
361 103
362 270
362 274
362 441
362 208
362 22
362 272
362 144
362 23
362 345
363 362
363 68
363 332
363 144
363 272
363 18
363 39
363 208
363 23
364 366
364 30
364 123
364 52
364 186
364 339
364 459
364 332
364 312
365 421
365 39
365 208
365 395
365 240
365 22
365 490
365 23
365 103
366 350
366 52
366 23
366 119
366 103
366 22
366 508
366 472
366 208
367 516
367 271
367 361
367 274
367 103
367 23
367 198
367 346
367 208
368 144
368 241
368 319
368 119
368 472
368 198
368 345
368 208
368 443
369 362
369 206
369 226
369 144
369 270
369 333
369 272
369 274
369 345
370 490
370 472
370 208
370 119
370 421
370 228
370 198
370 508
370 23
371 416
371 241
371 421
371 208
371 432
371 198
371 23
371 312
371 109
372 371
372 346
372 208
372 198
372 394
372 416
372 17
372 113
372 358
373 272
373 385
373 208
373 345
373 23
373 516
373 421
373 18
373 22
374 15
374 125
374 12
374 71
374 279
374 13
374 243
374 392
374 426
375 144
375 22
375 270
375 274
375 41
375 272
375 362
375 271
375 441
376 529
376 508
376 379
376 6
376 228
376 144
376 270
376 16
376 339
377 22
377 119
377 23
377 272
377 421
377 313
377 472
377 208
377 198
378 392
378 300
378 347
378 57
378 19
378 179
378 303
378 355
378 302
379 441
379 144
379 16
379 472
379 119
379 421
379 103
379 208
379 443
380 52
380 516
380 420
380 432
380 346
380 198
380 103
380 409
380 23
381 269
381 241
381 59
381 416
381 393
381 259
381 5
381 109
381 346
382 319
382 528
382 393
382 22
382 145
382 483
382 443
382 41
382 84
383 109
383 346
383 498
383 516
383 300
383 204
383 416
383 259
383 103
384 208
384 385
384 103
384 421
384 34
384 416
384 134
384 119
384 346
385 198
385 178
385 323
385 23
385 103
385 119
385 208
385 22
385 421
386 350
386 527
386 219
386 312
386 508
386 403
386 472
386 17
386 459
387 271
387 272
387 443
387 208
387 421
387 274
387 119
387 441
387 144
388 113
388 208
388 69
388 416
388 394
388 308
388 450
388 109
388 346
389 432
389 349
389 263
389 109
389 187
389 208
389 23
389 346
389 457
390 436
390 490
390 300
390 30
390 416
390 371
390 208
390 240
390 401
391 18
391 22
391 28
391 395
391 23
391 103
391 332
391 313
391 516
392 18
392 259
392 346
392 269
392 134
392 318
392 12
392 69
392 420
393 23
393 490
393 198
393 516
393 208
393 22
393 103
393 476
393 291
394 259
394 393
394 350
394 208
394 198
394 416
394 241
394 219
394 134
395 421
395 516
395 346
395 332
395 22
395 257
395 181
395 490
395 23
396 236
396 257
396 354
396 490
396 313
396 70
396 346
396 445
396 279
397 255
397 333
397 443
397 368
397 16
397 228
397 144
397 160
397 119
398 22
398 94
398 332
398 119
398 441
398 272
398 144
398 345
398 443
399 269
399 490
399 361
399 263
399 67
399 77
399 300
399 444
399 448
400 516
400 84
400 263
400 312
400 103
400 208
400 274
400 219
400 198
401 84
401 312
401 103
401 208
401 189
401 23
401 22
401 134
401 123
402 308
402 383
402 69
402 317
402 158
402 378
402 303
402 179
402 322
403 416
403 134
403 350
403 508
403 208
403 6
403 84
403 22
403 23
404 73
404 241
404 103
404 109
404 23
404 346
404 198
404 208
404 516
405 424
405 48
405 40
405 288
405 300
405 475
405 283
405 279
405 396
406 416
406 5
406 259
406 103
406 109
406 6
406 208
406 346
406 23
407 346
407 219
407 361
407 388
407 394
407 230
407 269
407 236
407 241
408 413
408 371
408 178
408 23
408 208
408 516
408 313
408 420
408 472
409 516
409 313
409 346
409 241
409 198
409 22
409 312
409 103
409 23
410 28
410 453
410 23
410 103
410 181
410 457
410 198
410 52
410 22
411 148
411 92
411 410
411 6
411 16
411 377
411 334
411 291
411 44
412 173
412 300
412 368
412 445
412 367
412 187
412 346
412 176
412 236
413 208
413 404
413 346
413 23
413 516
413 416
413 313
413 312
413 109
414 424
414 133
414 113
414 17
414 7
414 75
414 57
414 71
414 13
415 382
415 257
415 258
415 280
415 424
415 206
415 346
415 445
415 375
416 312
416 219
416 490
416 22
416 241
416 23
416 198
416 103
416 208
417 103
417 346
417 187
417 420
417 394
417 208
417 17
417 416
417 241
418 391
418 17
418 18
418 312
418 408
418 313
418 70
418 134
418 516
419 198
419 208
419 123
419 22
419 103
419 18
419 385
419 288
419 52
420 22
420 416
420 18
420 134
420 516
420 109
420 103
420 23
420 241
421 272
421 103
421 208
421 472
421 274
421 119
421 323
421 198
421 23
422 472
422 527
422 490
422 109
422 346
422 421
422 416
422 219
422 236
423 208
423 272
423 354
423 441
423 313
423 186
423 148
423 119
423 346
424 103
424 73
424 208
424 429
424 354
424 39
424 238
424 346
424 123
425 272
425 41
425 362
425 368
425 472
425 79
425 443
425 416
425 319
426 416
426 453
426 421
426 323
426 439
426 263
426 103
426 198
426 269
427 240
427 354
427 238
427 208
427 472
427 103
427 421
427 22
427 23
428 269
428 308
428 421
428 236
428 495
428 187
428 34
428 346
428 388
429 274
429 144
429 94
429 421
429 119
429 441
429 208
429 272
429 345
430 178
430 291
430 22
430 52
430 393
430 472
430 103
430 214
430 346
431 325
431 44
431 429
431 451
431 382
431 91
431 92
431 48
431 216
432 457
432 385
432 103
432 421
432 288
432 198
432 23
432 366
432 371
433 421
433 15
433 119
433 323
433 400
433 41
433 48
433 55
433 263
434 22
434 119
434 272
434 313
434 441
434 271
434 270
434 94
434 84
435 25
435 109
435 416
435 259
435 23
435 103
435 271
435 241
435 346
436 18
436 401
436 331
436 312
436 259
436 516
436 257
436 5
436 208
437 333
437 445
437 436
437 19
437 516
437 441
437 144
437 373
437 274
438 228
438 112
438 109
438 339
438 403
438 375
438 119
438 94
438 508
439 208
439 22
439 18
439 339
439 103
439 123
439 459
439 198
439 119
440 41
440 416
440 259
440 382
440 263
440 300
440 198
440 312
440 274
441 345
441 23
441 198
441 22
441 271
441 208
441 144
441 119
441 272
442 22
442 270
442 441
442 362
442 274
442 345
442 443
442 144
442 272
443 333
443 274
443 362
443 368
443 22
443 144
443 345
443 272
443 441
444 259
444 121
444 103
444 472
444 67
444 416
444 219
444 300
444 490
445 313
445 346
445 208
445 19
445 421
445 345
445 274
445 441
445 272
446 475
446 490
446 73
446 103
446 346
446 25
446 259
446 435
446 204
447 457
447 291
447 73
447 271
447 103
447 23
447 22
447 198
447 52
448 198
448 18
448 516
448 181
448 208
448 23
448 334
448 346
448 476
449 103
449 178
449 483
449 472
449 235
449 214
449 115
449 393
449 209
450 388
450 219
450 368
450 208
450 79
450 394
450 416
450 187
450 421
451 187
451 5
451 103
451 346
451 178
451 483
451 259
451 19
451 516
452 346
452 208
452 483
452 259
452 257
452 416
452 186
452 67
452 490
453 476
453 181
453 516
453 409
453 52
453 22
453 23
453 457
453 103
454 109
454 322
454 483
454 241
454 334
454 394
454 259
454 73
454 79
455 123
455 103
455 187
455 48
455 214
455 17
455 70
455 394
455 349
456 345
456 391
456 436
456 208
456 346
456 23
456 516
456 22
456 395
457 453
457 181
457 18
457 208
457 103
457 198
457 52
457 23
457 22
458 490
458 39
458 416
458 109
458 346
458 361
458 208
458 23
458 103
459 312
459 103
459 416
459 41
459 22
459 123
459 23
459 208
459 198
460 334
460 230
460 489
460 422
460 444
460 300
460 153
460 67
460 47
461 393
461 319
461 208
461 198
461 178
461 274
461 103
461 214
461 472
462 123
462 178
462 291
462 41
462 198
462 528
462 529
462 483
462 508
463 382
463 204
463 187
463 483
463 44
463 219
463 109
463 334
463 259
464 198
464 208
464 490
464 508
464 339
464 103
464 23
464 123
464 241
465 353
465 284
465 483
465 472
465 216
465 266
465 528
465 67
465 176
466 354
466 48
466 103
466 368
466 323
466 361
466 416
466 121
466 393
467 483
467 235
467 46
467 475
467 165
467 453
467 103
467 73
467 56
468 393
468 346
468 22
468 208
468 241
468 103
468 219
468 187
468 476
469 347
469 15
469 269
469 263
469 406
469 186
469 474
469 459
469 18
470 198
470 361
470 508
470 241
470 334
470 109
470 421
470 103
470 23
471 332
471 252
471 395
471 424
471 445
471 272
471 206
471 251
471 346
472 312
472 416
472 323
472 208
472 219
472 103
472 23
472 198
472 421
473 368
473 236
473 388
473 79
473 394
473 219
473 450
473 109
473 346
474 73
474 403
474 436
474 112
474 208
474 186
474 144
474 84
474 485
475 421
475 18
475 28
475 263
475 259
475 516
475 23
475 198
475 103
476 416
476 16
476 134
476 241
476 23
476 22
476 208
476 103
476 198
477 204
477 47
477 192
477 195
477 330
477 383
477 56
477 498
477 205
478 334
478 483
478 198
478 103
478 6
478 178
478 349
478 403
478 136
479 490
479 134
479 22
479 241
479 416
479 403
479 198
479 23
479 103
480 483
480 34
480 371
480 104
480 44
480 240
480 311
480 384
480 334
481 426
481 257
481 241
481 421
481 12
481 112
481 362
481 395
481 134
482 184
482 322
482 361
482 466
482 483
482 230
482 382
482 67
482 381
483 472
483 109
483 123
483 22
483 23
483 208
483 198
483 271
483 103
484 490
484 361
484 123
484 103
484 52
484 476
484 208
484 354
484 22
485 228
485 323
485 119
485 319
485 508
485 123
485 339
485 421
485 16
486 490
486 22
486 123
486 240
486 259
486 334
486 103
486 121
486 427
487 22
487 403
487 259
487 134
487 236
487 420
487 18
487 208
487 17
488 103
488 269
488 113
488 121
488 109
488 136
488 79
488 48
488 483
489 404
489 134
489 346
489 361
489 103
489 416
489 495
489 530
489 219
490 313
490 291
490 416
490 103
490 198
490 241
490 22
490 208
490 23
491 205
491 361
491 236
491 187
491 458
491 37
491 498
491 483
491 475
492 468
492 103
492 352
492 259
492 109
492 346
492 403
492 530
492 269
493 516
493 270
493 198
493 335
493 208
493 472
493 333
493 339
493 483
494 67
494 453
494 426
494 300
494 128
494 221
494 334
494 389
494 50
495 476
495 236
495 187
495 22
495 416
495 208
495 23
495 346
495 103
496 80
496 284
496 6
496 498
496 192
496 103
496 430
496 204
496 56
497 312
497 219
497 479
497 436
497 103
497 84
497 15
497 527
497 263
498 208
498 291
498 416
498 103
498 527
498 241
498 23
498 219
498 346
499 56
499 394
499 7
499 187
499 495
499 219
499 67
499 475
499 259
500 147
500 52
500 409
500 453
500 80
500 334
500 315
500 103
500 6
501 176
501 436
501 19
501 144
501 333
501 474
501 322
501 89
501 454
502 453
502 187
502 495
502 23
502 476
502 103
502 52
502 18
502 67
503 198
503 22
503 263
503 457
503 181
503 23
503 103
503 208
503 445
504 204
504 69
504 105
504 268
504 395
504 318
504 346
504 495
504 12
505 264
505 429
505 397
505 321
505 228
505 333
505 140
505 160
505 443
506 33
506 443
506 362
506 345
506 272
506 385
506 333
506 366
506 429
507 483
507 476
507 459
507 291
507 123
507 475
507 178
507 6
507 103
508 421
508 339
508 208
508 103
508 119
508 22
508 350
508 23
508 198
509 35
509 187
509 508
509 198
509 476
509 350
509 208
509 403
509 421
510 269
510 363
510 450
510 241
510 371
510 208
510 17
510 112
510 416
511 492
511 476
511 67
511 230
511 103
511 514
511 166
511 334
511 109
512 208
512 272
512 94
512 271
512 144
512 346
512 441
512 416
512 345
513 187
513 403
513 416
513 371
513 490
513 208
513 300
513 346
513 394
514 109
514 241
514 259
514 490
514 208
514 23
514 416
514 219
514 103
515 348
515 18
515 394
515 22
515 119
515 208
515 84
515 16
515 350
516 332
516 259
516 103
516 198
516 23
516 28
516 271
516 22
516 208
517 23
517 219
517 394
517 495
517 208
517 79
517 346
517 103
517 263
518 103
518 459
518 70
518 483
518 208
518 458
518 236
518 429
518 354
519 204
519 476
519 92
519 151
519 498
519 528
519 334
519 300
519 15
520 208
520 346
520 219
520 241
520 103
520 394
520 198
520 123
520 323
521 420
521 134
521 184
521 269
521 208
521 109
521 23
521 346
521 241
522 508
522 6
522 339
522 198
522 103
522 472
522 410
522 483
522 123
523 16
523 300
523 134
523 186
523 103
523 490
523 18
523 208
523 22
524 245
524 399
524 267
524 89
524 224
524 111
524 156
524 501
524 226
525 281
525 385
525 48
525 366
525 181
525 419
525 432
525 288
525 179
526 241
526 134
526 5
526 23
526 22
526 103
526 346
526 490
526 476
527 259
527 312
527 198
527 208
527 219
527 263
527 23
527 22
527 103
528 22
528 103
528 119
528 443
528 319
528 476
528 529
528 79
528 368
529 476
529 291
529 345
529 339
529 103
529 119
529 350
529 198
529 22
530 476
530 346
530 103
530 495
530 79
530 187
530 393
530 219
530 416
531 475
531 514
531 495
531 103
531 508
531 453
531 67
531 334
531 483
