0 340
0 836
0 321
0 258
0 795
0 409
0 5
0 256
0 412
1 8
1 678
1 608
1 242
1 428
1 457
1 535
1 346
1 340
2 678
2 737
2 15
2 649
2 436
2 692
2 127
2 229
2 457
3 564
3 766
3 794
3 515
3 383
3 326
3 38
3 357
3 378
4 173
4 428
4 846
4 608
4 518
4 306
4 340
4 298
4 796
5 737
5 258
5 44
5 795
5 412
5 535
5 306
5 256
5 518
6 772
6 457
6 843
6 428
6 229
6 201
6 678
6 44
7 678
7 320
7 260
7 15
7 687
7 796
7 442
7 819
7 237
8 340
8 298
8 58
8 535
8 608
8 428
8 846
8 737
8 306
9 699
9 518
9 307
9 45
9 608
9 298
9 300
9 306
9 340
10 162
10 63
10 457
10 391
10 446
10 449
10 444
10 870
11 167
11 383
11 526
11 227
11 438
11 123
11 547
11 195
12 400
12 428
12 404
12 436
12 412
12 132
12 127
12 256
13 340
13 315
13 15
13 44
13 242
13 796
13 795
13 54
14 24
14 858
14 301
14 864
14 256
14 37
14 849
14 737
15 436
15 51
15 737
15 796
15 340
15 306
15 819
15 298
15 428
16 600
16 687
16 227
16 417
16 22
16 395
16 127
16 63
16 303
17 65
17 308
17 118
17 436
17 795
17 340
17 296
17 428
17 737
18 795
18 294
18 256
18 864
18 424
18 867
18 801
18 340
19 398
19 678
19 256
19 45
19 535
19 242
19 457
19 737
20 608
20 428
20 339
20 44
20 514
20 813
20 442
20 241
20 314
21 263
21 394
21 287
21 254
21 401
21 496
21 594
21 599
21 397
22 436
22 674
22 340
22 143
22 201
22 737
22 229
22 687
22 535
23 623
23 822
23 35
23 61
23 445
23 397
23 844
23 37
23 412
24 400
24 820
24 256
24 864
24 849
24 321
24 412
25 796
25 242
25 229
25 608
25 864
25 819
25 737
26 400
26 864
26 587
26 551
26 258
26 412
26 256
26 33
27 249
27 435
27 863
27 227
27 238
27 631
27 434
27 618
27 690
28 299
28 35
28 256
28 849
28 301
28 864
28 37
29 397
29 256
29 396
29 369
29 398
29 400
29 62
29 440
30 737
30 813
30 843
30 306
30 298
30 340
30 818
30 45
30 300
31 820
31 666
31 256
31 299
31 369
31 35
31 400
31 445
32 37
32 256
32 445
32 254
32 400
32 426
32 397
32 664
32 369
33 795
33 412
33 369
33 864
33 37
33 294
33 256
33 400
34 440
34 864
34 256
34 369
34 849
34 229
35 864
35 412
35 285
35 299
35 37
35 258
35 256
35 61
36 394
36 796
36 819
36 447
36 203
36 434
36 452
36 254
36 435
37 849
37 801
37 301
37 400
37 864
37 256
37 412
38 404
38 56
38 442
38 54
38 409
38 428
38 340
38 737
38 843
39 815
39 357
39 737
39 127
39 287
39 321
39 298
40 288
40 230
40 297
40 414
40 295
40 377
40 396
40 718
40 159
41 127
41 436
41 229
41 819
41 298
41 860
42 286
42 227
42 819
42 229
42 143
42 431
42 439
42 359
42 296
43 867
43 221
43 551
43 44
43 424
43 518
43 849
43 820
43 256
44 221
44 241
44 795
44 737
44 328
44 153
44 428
44 306
44 340
45 535
45 298
45 843
45 340
45 737
45 300
45 306
46 127
46 315
46 298
46 843
46 608
46 819
46 314
46 442
47 386
47 611
47 387
47 393
47 240
47 430
47 203
47 852
48 321
48 340
48 518
48 436
48 457
48 127
48 298
48 737
49 324
49 446
49 449
49 444
49 452
49 229
49 236
49 581
49 870
50 737
50 151
50 127
50 692
50 306
50 649
50 428
50 404
50 340
51 772
51 428
51 813
51 300
51 737
51 306
51 340
52 114
52 853
52 304
52 757
52 453
52 863
52 295
52 618
52 455
53 864
53 256
53 850
53 442
53 296
53 428
53 794
53 409
54 307
54 306
54 298
54 221
54 340
54 428
54 795
55 440
55 551
55 174
55 442
55 428
55 796
55 340
55 229
55 627
56 328
56 221
56 340
56 161
56 306
56 321
56 843
56 737
56 518
57 446
57 442
57 383
57 819
57 229
57 678
57 404
57 127
58 298
58 328
58 846
58 737
58 340
58 843
58 428
58 306
58 795
59 452
59 284
59 444
59 429
59 740
59 796
59 416
59 406
59 291
60 321
60 340
60 256
60 457
60 795
60 428
60 796
60 819
61 369
61 397
61 294
61 400
61 412
61 256
62 428
62 551
62 369
62 398
62 772
62 76
62 396
63 799
63 298
63 340
63 436
63 737
63 428
63 795
64 328
64 221
64 340
64 307
64 843
64 518
64 241
64 428
65 799
65 307
65 737
65 153
65 308
65 298
65 306
65 340
65 428
66 308
66 383
66 819
66 297
66 127
66 291
66 796
66 70
67 256
67 340
67 143
67 818
67 254
67 176
67 813
67 796
68 291
68 772
68 324
68 457
68 428
68 398
68 442
68 70
68 813
69 193
69 393
69 339
69 490
69 326
69 850
69 796
69 72
69 249
70 324
70 118
70 383
70 127
70 457
70 398
70 667
70 428
71 201
71 398
71 442
71 324
71 794
71 127
71 813
72 307
72 321
72 795
72 315
72 328
72 340
72 726
72 428
72 296
73 295
73 413
73 284
73 406
73 415
73 785
73 455
73 794
73 414
74 551
74 391
74 819
74 369
74 796
74 627
74 428
74 396
74 315
75 237
75 409
75 229
75 796
75 819
75 296
75 442
75 627
75 393
76 308
76 328
76 307
76 306
76 340
76 428
76 298
77 247
77 143
77 775
77 819
77 813
77 737
77 340
77 815
77 818
78 283
78 617
78 393
78 198
78 386
78 650
78 742
78 763
79 621
79 268
79 297
79 427
79 377
79 860
79 291
79 295
79 231
80 357
80 191
80 334
80 339
80 766
80 409
80 397
80 158
81 383
81 772
81 298
81 101
81 357
82 466
82 295
82 860
82 488
82 386
82 423
82 426
82 653
83 772
83 398
83 143
83 404
83 737
83 692
83 340
83 127
84 860
84 229
84 334
84 819
84 326
84 442
84 127
84 236
85 691
85 687
85 215
85 205
85 222
85 819
85 169
85 611
86 297
86 291
86 295
86 357
86 798
86 383
86 378
86 794
87 256
87 655
87 301
87 801
87 156
87 161
87 726
88 745
88 286
88 431
88 667
88 622
88 442
88 772
88 383
89 537
89 707
89 642
89 414
89 297
89 734
89 696
89 427
89 395
90 428
90 457
90 298
90 772
90 692
90 340
90 813
91 291
91 310
91 297
91 376
91 629
91 414
91 339
91 158
92 515
92 324
92 284
92 370
92 449
92 393
92 794
92 442
93 364
93 352
93 647
93 642
93 438
93 382
93 568
93 734
93 610
94 298
94 796
94 815
94 818
94 736
94 775
94 737
95 153
95 535
95 818
95 608
95 328
95 307
95 813
95 306
95 340
96 357
96 287
96 819
96 864
96 301
97 737
97 369
97 813
97 340
97 409
97 796
98 812
98 209
98 817
98 633
98 111
98 650
98 365
98 397
99 406
99 354
99 357
99 395
99 297
99 295
99 231
99 291
99 355
100 729
100 339
100 766
100 378
100 241
100 428
101 649
101 161
101 340
101 298
101 306
101 535
101 307
102 161
102 340
102 306
102 242
102 241
102 737
102 843
102 603
102 535
103 307
103 241
103 221
103 169
103 191
103 796
103 846
103 428
104 453
104 227
104 455
104 452
104 116
104 295
104 653
104 129
104 580
105 504
105 438
105 248
105 374
105 414
105 448
105 377
105 109
105 356
106 452
106 729
106 386
106 191
106 691
106 439
106 611
106 455
106 257
107 227
107 404
107 796
107 229
107 353
107 127
107 291
107 249
107 819
108 849
108 436
108 256
108 858
108 241
108 287
108 321
108 127
108 412
109 231
109 326
109 286
109 227
109 438
109 229
109 679
109 324
110 412
110 321
110 256
110 254
110 127
110 457
110 436
111 256
111 400
111 402
111 412
111 397
111 299
111 630
112 321
112 412
112 404
112 630
112 256
112 118
112 400
113 236
113 297
113 227
113 766
113 705
113 338
113 664
113 126
113 356
114 229
114 398
114 286
114 404
114 334
114 391
114 819
114 442
114 127
115 247
115 666
115 424
115 321
115 436
115 795
115 409
115 820
115 796
116 457
116 396
116 127
116 353
116 363
116 227
116 398
116 400
117 353
117 409
117 398
117 127
117 242
117 201
117 666
117 428
118 843
118 428
118 340
118 127
118 161
118 436
118 737
118 306
118 298
119 340
119 737
119 813
119 436
119 306
119 562
119 846
119 428
120 301
120 772
120 400
120 424
120 127
120 396
120 667
120 412
121 126
121 363
121 321
121 160
121 127
121 286
121 439
121 651
122 199
122 256
122 436
122 457
122 207
122 291
122 169
122 442
122 127
123 224
123 398
123 457
123 254
123 251
123 127
123 227
123 298
124 279
124 436
124 298
124 191
124 428
124 169
124 846
125 435
125 425
125 442
125 415
125 853
125 365
125 353
126 690
126 436
126 391
126 457
126 398
126 442
126 127
127 678
127 649
127 404
127 737
127 428
127 298
127 436
128 256
128 420
128 445
128 400
128 435
128 369
128 291
128 303
129 622
129 453
129 227
129 580
129 444
129 455
129 778
129 492
130 266
130 277
130 620
130 156
130 233
130 316
130 819
130 796
131 425
131 339
131 138
131 726
131 849
131 796
131 819
131 456
131 429
132 412
132 308
132 143
132 301
132 256
132 436
132 737
133 229
133 819
133 815
133 286
133 287
133 301
133 138
133 143
134 415
134 253
134 796
134 617
134 794
134 158
134 240
134 205
135 310
135 284
135 393
135 488
135 413
135 796
135 429
135 819
136 338
136 414
136 464
136 393
136 794
136 574
136 796
136 429
136 326
137 849
137 340
137 655
137 535
137 518
137 328
137 161
137 153
138 340
138 737
138 321
138 813
138 819
138 457
138 436
138 143
138 428
139 286
139 432
139 151
139 297
139 442
139 677
139 160
140 221
140 161
140 474
140 156
140 153
140 867
140 428
140 843
141 581
141 456
141 278
141 143
141 796
141 287
141 820
141 424
141 301
142 193
142 819
142 796
142 409
142 428
142 442
142 326
143 308
143 256
143 795
143 412
143 428
143 161
143 321
143 737
143 340
144 457
144 436
144 346
144 428
144 153
144 737
144 256
144 151
145 328
145 737
145 156
145 346
145 306
145 655
145 340
145 161
145 153
146 288
146 860
146 326
146 819
146 439
146 452
146 151
146 653
146 249
147 215
147 436
147 229
147 819
147 452
147 608
147 457
147 796
148 229
148 678
148 813
148 340
148 436
148 457
148 819
148 692
148 737
149 428
149 151
149 241
149 456
149 452
149 442
149 819
149 229
149 474
150 177
150 796
150 429
150 326
150 260
150 818
150 819
150 249
151 321
151 161
151 737
151 457
151 428
151 436
151 340
151 153
152 518
152 285
152 655
152 456
152 241
152 258
152 256
152 820
153 156
153 846
153 737
153 306
153 795
153 346
153 428
153 340
154 444
154 435
154 452
154 456
154 443
154 430
154 415
154 414
154 454
155 456
155 457
155 428
155 452
155 819
155 813
156 436
156 843
156 340
156 306
156 239
156 655
156 221
156 161
157 726
157 456
157 737
157 296
157 256
157 428
157 221
158 340
158 442
158 321
158 339
158 813
158 428
158 315
158 398
159 819
159 796
159 301
159 298
159 447
159 660
159 308
159 297
160 340
160 235
160 428
160 444
160 457
160 651
160 229
160 404
161 436
161 535
161 340
161 474
161 306
161 737
161 843
161 518
162 436
162 737
162 819
162 457
162 391
162 404
162 428
162 692
162 229
163 340
163 518
163 241
163 674
163 200
163 867
163 819
163 474
163 232
164 610
164 229
164 263
164 252
164 200
164 286
164 192
164 265
164 260
165 237
165 246
165 796
165 224
165 794
165 251
165 819
165 291
165 334
166 737
166 257
166 200
166 308
166 196
166 819
166 815
166 286
167 251
167 442
167 452
167 819
167 449
167 229
167 227
168 674
168 232
168 256
168 173
168 818
168 820
168 266
168 247
168 819
169 315
169 608
169 307
169 340
169 846
169 796
169 298
169 795
169 428
170 222
170 237
170 221
170 737
170 306
170 241
170 235
170 298
171 452
171 439
171 224
171 181
171 796
171 436
171 298
171 819
172 200
172 201
172 235
172 457
172 177
172 229
172 298
172 174
172 428
173 608
173 846
173 241
173 306
173 221
173 235
173 518
173 843
173 298
174 241
174 428
174 235
174 328
174 775
174 298
174 201
174 340
174 307
175 818
175 298
175 815
175 819
175 232
175 796
175 229
175 278
176 737
176 818
176 232
176 428
176 256
176 340
176 328
176 221
176 307
177 235
177 239
177 298
177 796
177 181
177 608
177 229
178 265
178 193
178 818
178 227
178 229
178 678
178 815
178 200
179 233
179 474
179 819
179 796
179 298
179 314
179 843
179 184
180 321
180 655
180 424
180 247
180 221
180 258
180 256
181 298
181 235
181 457
181 428
181 608
181 436
181 796
182 775
182 221
182 843
182 298
182 306
182 300
182 235
183 201
183 298
183 229
183 237
183 199
183 465
183 314
183 442
183 193
184 843
184 328
184 346
184 655
184 277
184 233
184 221
184 239
185 340
185 813
185 298
185 247
185 221
185 815
185 306
185 321
185 818
186 772
186 697
186 815
186 818
186 298
186 348
186 813
187 242
187 674
187 819
187 687
187 207
187 796
187 232
188 235
188 241
188 328
188 306
188 655
188 221
188 300
188 518
188 674
189 796
189 251
189 254
189 813
189 224
189 231
189 338
189 442
189 819
190 263
190 848
190 452
190 287
190 293
190 251
190 796
190 819
191 201
191 298
191 239
191 307
191 221
191 813
191 306
191 241
192 241
192 199
192 274
192 278
192 229
192 200
192 298
192 456
192 307
193 237
193 241
193 314
193 298
193 813
193 315
193 428
194 442
194 438
194 618
194 338
194 414
194 229
194 227
194 249
195 206
195 229
195 326
195 200
195 227
195 796
195 251
195 819
196 222
196 221
196 340
196 314
196 235
196 300
196 298
196 843
197 224
197 334
197 442
197 414
197 231
197 265
198 260
198 452
198 203
198 229
198 240
198 249
198 282
198 227
199 229
199 279
199 201
199 298
199 241
199 428
199 518
200 474
200 328
200 428
200 241
200 235
200 237
200 229
200 221
201 229
201 428
201 235
201 306
201 241
201 242
201 307
201 298
202 306
202 775
202 221
202 235
202 211
202 239
202 237
203 265
203 229
203 255
203 452
203 227
203 240
204 227
204 249
204 622
204 438
204 229
205 249
205 246
205 819
205 452
205 581
205 796
205 224
205 229
205 278
206 287
206 229
206 796
206 260
206 224
206 237
206 211
206 819
207 795
207 307
207 221
207 843
207 340
207 518
207 306
207 256
208 326
208 224
208 246
208 215
208 249
208 287
208 819
208 796
208 227
209 412
209 706
209 624
209 440
209 587
209 424
209 256
209 551
210 452
210 229
210 796
210 819
210 457
211 237
211 340
211 328
211 241
211 239
211 307
211 235
211 221
212 237
212 229
212 274
212 260
213 338
213 396
213 254
213 435
213 812
213 256
213 445
213 397
214 239
214 307
214 843
214 237
214 221
214 222
214 235
214 328
214 241
215 221
215 279
215 222
215 241
215 456
215 298
215 229
215 608
215 726
216 241
216 867
216 488
216 222
216 246
216 237
216 249
216 316
217 249
217 687
217 255
217 229
217 254
217 431
217 819
218 229
218 369
218 442
218 398
218 298
218 254
218 435
219 386
219 429
219 611
219 227
219 254
219 229
219 249
219 260
220 249
220 610
220 236
220 234
220 257
220 229
221 306
221 242
221 428
221 843
221 256
221 241
221 328
221 340
222 307
222 298
222 843
222 239
222 846
222 608
222 235
222 241
223 328
223 815
223 247
223 346
223 819
223 818
223 307
224 279
224 241
224 340
224 298
224 229
224 251
224 237
225 227
225 265
225 687
225 452
225 293
225 251
225 254
226 231
226 291
226 526
226 265
226 338
226 245
227 251
227 442
227 428
227 298
227 819
227 551
227 457
227 229
227 678
228 328
228 247
228 239
228 266
228 819
228 277
228 815
229 235
229 436
229 457
229 237
229 428
229 242
229 678
229 298
230 263
230 420
230 245
230 254
230 249
230 396
231 315
231 813
231 442
231 796
231 291
231 334
231 819
232 775
232 340
232 436
232 655
232 737
232 328
232 518
232 235
233 266
233 277
233 241
233 306
233 328
233 843
234 251
234 446
234 299
234 256
234 852
234 353
235 340
235 846
235 306
235 300
235 518
235 298
235 843
236 678
236 251
236 819
236 442
237 320
237 428
237 843
237 314
237 307
237 298
237 306
237 241
238 249
238 251
238 551
238 812
238 756
238 276
239 340
239 843
239 306
239 307
239 298
240 249
240 819
240 442
240 393
240 251
240 617
240 468
241 314
241 608
241 307
241 306
241 328
241 518
242 795
242 737
242 428
242 535
242 256
242 306
242 340
242 843
243 444
243 436
243 796
243 457
243 452
244 702
244 682
244 248
244 818
245 251
245 442
245 756
245 445
245 400
245 256
246 315
246 796
246 314
246 674
246 307
246 298
247 320
247 843
247 795
247 428
247 306
247 737
247 340
247 328
248 268
248 263
248 338
248 257
248 326
248 819
248 646
248 286
249 260
249 627
249 436
249 819
249 428
249 796
250 266
250 815
250 819
251 254
251 737
251 256
251 436
251 457
252 298
252 428
253 409
253 256
253 258
253 425
253 820
254 412
254 369
254 298
254 256
254 431
254 457
255 340
255 328
255 298
255 316
255 796
255 819
256 340
256 294
256 737
256 258
256 412
256 321
257 691
257 287
257 260
257 338
257 819
257 815
258 328
258 655
258 294
258 285
258 820
258 321
259 820
259 687
259 442
259 452
259 867
260 737
260 340
260 298
260 608
260 819
261 340
261 667
261 442
261 428
261 398
262 273
262 449
262 678
262 442
262 353
263 457
263 796
263 819
264 295
264 265
264 386
264 334
265 442
265 314
265 608
265 298
265 279
266 277
266 307
266 328
267 699
268 745
268 622
268 324
268 326
268 457
268 819
269 280
269 274
269 278
270 386
270 617
270 393
270 619
270 295
271 796
271 608
271 409
272 428
272 799
272 279
272 538
273 799
273 820
273 287
273 321
273 412
274 404
274 649
274 306
274 692
274 307
274 298
275 608
275 279
275 307
275 328
276 398
276 296
276 298
276 428
276 442
277 328
277 306
277 340
277 843
278 307
278 340
278 328
278 608
278 796
279 608
279 428
279 306
279 298
279 307
280 428
281 417
281 617
281 393
282 436
282 819
282 457
283 343
283 413
283 386
283 377
283 295
283 617
283 393
284 291
284 457
284 846
284 405
284 428
284 796
284 819
284 429
285 655
285 424
285 294
285 820
285 321
285 340
286 678
286 383
286 457
286 737
286 772
286 815
287 846
287 315
287 298
287 306
287 321
287 314
287 340
287 819
287 307
288 301
288 396
288 333
288 439
288 298
288 726
288 819
288 296
289 328
289 301
289 299
289 296
289 291
289 321
290 428
290 593
290 328
290 674
290 699
290 320
291 819
291 442
291 404
291 324
291 428
291 796
292 296
292 312
292 864
292 301
292 359
292 299
293 864
293 801
293 412
293 796
293 819
293 820
294 518
294 321
294 328
295 794
295 414
295 442
295 398
295 297
295 796
296 456
296 795
296 328
296 737
296 340
296 428
297 428
297 324
297 315
297 796
297 298
297 442
297 398
298 518
298 737
298 775
298 314
298 300
298 340
298 306
299 424
299 412
299 820
300 701
300 340
300 306
301 340
301 428
301 535
301 864
301 737
301 436
301 321
302 315
302 321
302 320
302 316
302 867
302 820
302 795
302 849
303 431
303 338
303 819
303 391
303 324
303 369
303 398
304 393
304 413
304 796
304 429
304 452
305 850
305 819
305 796
305 428
305 627
305 318
306 737
306 843
306 340
306 535
307 608
307 518
307 428
307 340
307 328
308 518
308 428
308 321
308 737
308 340
308 328
308 795
309 379
309 611
309 338
309 326
309 334
310 328
310 320
310 315
310 339
310 796
311 737
311 315
311 815
311 321
311 340
311 348
312 428
312 412
312 756
312 338
312 864
313 339
313 813
313 348
313 316
313 315
313 328
313 340
314 608
314 340
314 737
314 843
314 518
315 428
315 328
315 795
315 340
316 321
316 867
316 328
316 820
317 456
317 340
317 338
317 409
317 428
317 796
317 819
317 326
318 428
318 340
318 796
318 795
319 388
319 611
319 796
319 425
319 321
319 327
320 321
320 843
320 428
320 340
320 328
320 795
321 328
321 737
321 340
321 795
322 813
322 428
322 737
322 772
322 346
322 340
322 328
323 794
323 796
323 850
324 649
324 391
324 442
324 457
324 772
324 428
324 398
325 338
326 340
326 428
326 819
326 796
326 818
326 813
327 328
327 819
327 340
327 796
328 518
328 428
328 795
328 340
329 819
329 543
329 796
330 655
330 340
330 795
331 795
331 737
331 340
332 818
332 655
332 795
333 518
333 820
333 795
333 340
334 772
334 442
334 819
334 796
334 340
334 795
335 377
335 395
335 414
336 396
336 369
336 359
336 338
337 796
338 409
338 339
338 818
338 398
338 819
338 813
339 795
340 737
340 428
340 795
340 843
341 428
341 813
341 796
341 795
342 431
342 858
342 819
342 796
342 457
343 819
343 442
343 796
343 660
344 798
344 569
344 410
344 387
345 518
345 795
346 795
346 737
346 655
346 535
347 805
347 428
348 428
348 737
349 413
349 796
349 819
349 611
350 459
350 377
350 615
350 443
350 547
350 432
351 374
351 633
351 356
351 387
351 397
351 377
351 817
352 398
352 796
353 442
353 428
354 457
354 404
354 428
354 796
354 442
355 395
355 442
356 391
356 399
356 397
356 383
357 370
357 819
357 766
358 414
358 386
358 377
358 778
359 819
359 412
359 442
359 369
360 740
360 783
360 814
360 442
360 414
360 794
361 699
361 737
361 442
361 363
362 742
362 393
362 414
362 377
362 635
362 642
363 819
363 369
364 772
364 594
364 581
364 452
364 431
364 438
364 401
365 756
365 850
365 627
365 551
365 407
365 706
366 417
366 783
366 377
366 415
366 642
366 367
367 452
367 819
368 775
368 491
368 370
369 649
369 396
369 400
369 518
369 412
369 737
370 737
370 491
371 373
371 377
371 386
371 742
372 819
372 442
372 449
372 447
372 452
373 383
373 794
373 442
373 398
373 734
373 438
373 707
374 378
374 817
374 387
375 770
375 819
375 794
375 796
376 796
376 442
376 378
376 447
376 819
377 464
377 442
377 414
378 391
378 796
378 737
378 428
379 819
379 384
379 409
379 388
379 737
379 766
380 442
380 514
380 768
380 699
381 384
381 452
381 819
381 488
382 443
382 734
382 395
382 617
382 778
383 428
383 772
383 398
384 737
384 457
384 388
384 796
384 819
385 638
385 720
385 698
385 798
386 452
386 796
386 413
386 819
386 611
386 393
387 412
387 400
387 445
387 407
387 599
387 397
387 756
388 843
388 795
388 436
388 737
389 698
389 414
390 635
390 753
390 509
390 698
391 813
391 692
391 457
391 428
391 436
391 737
391 795
392 819
392 442
392 796
393 413
393 442
393 794
393 819
393 796
394 620
394 819
394 796
394 474
394 867
394 849
395 447
395 819
395 442
395 660
396 428
396 412
396 400
396 398
397 445
397 412
397 400
398 428
398 772
398 813
399 737
399 457
399 428
399 849
399 795
399 436
400 518
400 412
401 431
401 599
401 796
401 819
402 706
402 445
402 424
402 412
402 403
403 445
403 706
403 424
403 795
403 412
403 409
404 436
404 649
404 692
404 737
404 843
404 428
405 737
405 796
405 828
405 428
405 846
405 457
406 813
406 562
406 457
406 796
406 428
407 433
407 426
407 445
407 409
407 412
408 667
408 444
408 442
408 796
409 795
409 843
409 428
410 428
410 442
410 581
410 444
410 457
410 426
411 416
411 442
411 436
411 796
411 428
411 843
412 849
412 795
412 864
412 424
413 627
413 442
413 819
413 429
413 796
414 796
414 439
414 428
414 442
414 452
415 457
415 428
415 796
415 455
415 819
415 429
416 428
416 436
416 457
416 608
417 428
417 442
417 457
418 457
418 436
418 813
418 428
418 692
418 737
419 815
419 818
419 770
419 696
419 813
419 723
419 697
420 737
420 820
420 428
420 445
421 423
421 438
421 581
421 628
421 610
421 488
421 617
421 430
422 457
422 429
422 433
422 796
422 428
423 428
423 819
423 457
423 796
423 431
424 428
424 820
424 795
425 820
425 726
425 864
425 849
426 457
426 433
427 796
427 457
427 442
427 428
428 795
428 843
428 846
428 737
429 846
429 457
429 796
430 431
430 436
430 457
430 452
430 455
431 678
431 772
431 457
431 436
431 819
432 651
432 436
432 444
432 452
432 457
433 457
434 551
434 850
434 440
435 796
435 666
435 820
435 445
435 442
436 843
436 692
436 737
436 457
437 442
437 456
437 457
438 439
438 860
438 452
438 442
438 440
439 737
439 457
439 442
440 551
441 819
441 535
441 846
441 442
441 678
441 457
442 457
442 678
443 452
443 454
443 581
443 444
444 678
444 819
444 692
444 846
444 452
444 457
445 820
446 457
446 562
446 737
447 660
447 813
447 796
447 819
448 455
449 452
449 843
449 457
449 678
450 457
450 452
450 611
450 687
451 849
451 474
451 775
451 843
452 474
452 737
452 456
452 457
452 687
453 796
453 581
453 455
454 459
454 455
454 457
455 457
455 456
455 796
455 863
456 474
456 726
457 772
457 692
457 678
457 649
457 737
458 819
458 867
458 474
458 848
458 655
458 488
458 475
459 654
459 819
459 466
459 687
460 478
460 488
460 464
460 466
461 515
461 491
461 794
462 465
462 480
462 819
462 488
463 795
463 737
463 474
463 843
464 819
464 484
464 796
465 843
465 474
466 687
466 475
466 819
466 484
466 488
467 687
467 848
467 726
467 819
467 482
467 481
468 581
468 819
469 819
470 488
470 796
470 819
470 599
471 484
471 488
472 819
472 489
472 488
473 488
473 674
473 655
473 481
474 737
474 843
474 867
474 655
475 867
475 843
475 655
476 482
476 490
476 488
477 820
477 867
478 654
478 483
478 488
478 820
479 500
480 655
480 819
480 796
481 819
482 726
482 687
483 820
483 488
483 801
484 805
484 819
485 486
485 490
485 488
486 742
487 646
487 488
487 676
488 796
488 801
488 820
488 691
488 819
489 850
490 726
491 535
493 617
493 615
493 559
493 570
494 611
494 819
495 608
495 518
496 843
496 737
497 669
497 796
497 775
497 608
497 843
498 866
498 736
498 587
498 669
498 843
498 530
499 603
499 608
499 587
499 627
499 796
500 795
500 843
501 843
501 674
501 737
502 567
502 611
502 819
502 543
503 870
503 627
503 667
504 796
504 819
505 669
506 667
506 772
506 649
506 562
506 737
507 796
507 633
508 608
509 524
510 843
510 846
510 795
510 796
511 622
511 524
511 667
512 796
512 819
513 570
513 617
514 551
514 562
514 795
514 608
514 846
515 608
515 794
515 562
515 796
515 843
516 551
517 668
517 610
518 737
518 608
519 778
519 852
520 851
520 529
520 619
520 618
521 687
521 819
522 831
522 864
522 667
523 766
523 851
523 794
523 562
523 611
524 674
524 772
525 587
525 551
525 820
525 630
525 627
525 624
526 690
527 742
527 617
527 611
528 579
528 618
528 698
528 645
529 662
529 796
529 627
529 819
529 669
530 843
530 726
530 587
530 849
530 551
532 551
534 611
534 729
535 692
535 843
535 737
537 627
538 796
538 795
539 801
539 867
540 775
540 815
541 795
541 603
542 796
542 552
542 794
542 819
543 796
543 608
543 819
544 819
544 818
544 796
545 619
545 745
545 547
546 667
546 796
547 819
548 612
548 608
548 796
549 682
549 737
549 667
549 610
550 581
550 632
550 645
551 603
551 795
551 737
552 796
552 794
552 819
553 831
554 736
554 608
554 846
555 796
555 627
556 794
556 796
557 627
557 813
557 796
558 632
558 572
559 617
560 843
561 772
561 581
562 799
562 846
562 795
564 689
564 608
565 669
565 796
566 687
566 819
566 772
567 669
567 687
567 819
568 594
568 619
568 645
568 647
569 666
570 686
570 611
570 628
570 617
571 594
571 853
571 664
572 775
572 737
573 581
573 819
573 611
574 627
574 794
574 796
575 581
575 611
575 742
575 619
576 850
576 796
576 627
577 619
577 615
578 615
578 580
578 581
578 645
579 819
579 581
580 622
581 819
581 796
582 812
583 618
583 615
584 587
584 627
584 668
584 608
585 611
585 806
585 796
586 819
586 740
586 742
586 806
587 843
587 795
589 617
590 619
591 766
592 642
592 645
592 619
593 846
593 737
593 795
593 843
594 599
595 795
595 692
595 649
596 676
597 678
597 737
598 867
598 820
598 706
598 864
598 849
598 630
599 822
599 824
599 820
600 627
600 632
601 756
602 824
603 843
604 812
604 756
605 729
605 627
605 796
605 798
606 732
607 796
607 662
607 690
608 846
608 843
609 610
609 707
610 772
610 737
611 796
611 687
613 846
614 819
614 796
616 645
616 619
616 618
617 619
618 627
618 794
618 619
618 796
620 849
620 867
620 674
622 667
623 706
624 795
626 628
626 742
627 796
628 819
629 630
629 795
629 820
630 795
630 737
630 820
632 737
632 799
633 756
635 645
635 794
637 649
637 651
637 667
638 796
639 846
640 796
640 795
641 795
641 796
641 806
642 734
643 795
644 666
645 778
646 813
646 819
646 818
646 815
648 649
648 805
649 692
649 737
651 737
652 850
652 796
652 819
653 819
653 860
654 655
655 867
656 795
656 849
657 726
657 796
657 819
659 819
659 796
661 737
661 819
662 669
662 795
662 796
663 667
665 819
666 737
666 843
666 849
667 772
667 737
668 795
669 796
669 795
669 843
670 796
671 852
671 866
671 863
672 824
673 737
674 737
674 699
675 687
675 679
675 677
676 766
677 737
677 678
678 843
678 692
678 737
679 687
679 737
679 819
679 769
680 737
681 796
681 795
681 843
682 836
682 737
682 697
682 813
683 692
683 687
684 775
684 699
685 697
685 819
686 815
686 772
686 687
687 737
688 815
688 737
689 843
690 843
691 846
691 737
691 843
691 819
692 737
693 813
697 818
697 737
697 770
697 813
697 815
700 772
700 815
700 818
700 701
700 813
701 737
701 813
702 818
703 795
704 736
704 737
704 819
705 813
705 812
705 766
705 820
706 849
706 820
706 795
707 770
707 813
707 794
708 726
709 740
709 778
710 796
710 846
711 737
711 819
712 795
712 843
712 737
715 813
715 819
716 796
717 726
718 798
718 756
719 867
719 726
719 796
720 796
720 798
721 819
722 769
722 736
722 729
723 766
723 771
723 818
724 783
724 734
725 788
725 794
725 738
725 796
725 819
726 737
727 824
728 814
729 813
730 777
730 794
731 819
731 854
731 796
731 794
733 813
734 772
735 772
735 775
735 796
736 737
736 843
737 795
738 775
740 794
740 796
741 824
741 756
742 819
743 819
744 812
745 836
745 772
745 813
747 846
749 796
749 813
750 852
751 796
752 794
753 777
755 781
755 756
759 795
759 775
760 860
760 819
760 778
761 812
762 796
763 814
764 813
764 818
764 775
764 771
766 818
766 795
767 775
767 796
769 864
770 772
771 775
771 813
772 813
773 796
773 819
773 775
774 809
775 843
775 818
776 778
777 796
777 794
777 819
778 819
779 850
780 795
780 796
780 846
782 819
783 794
783 819
783 796
785 788
785 796
786 796
786 799
787 864
787 819
788 794
788 843
788 819
788 796
789 792
789 796
789 819
790 852
791 801
791 864
791 795
792 819
792 795
793 796
794 813
794 796
796 813
796 819
796 846
797 864
797 819
797 813
800 819
801 867
801 820
802 854
804 806
804 819
806 843
806 819
808 864
810 843
811 831
813 818
815 818
816 817
817 822
820 867
821 852
821 863
822 849
823 867
824 849
826 848
827 853
829 870
829 838
830 838
832 864
832 867
833 849
833 867
835 850
838 846
838 843
842 843
843 849
843 846
844 849
844 864
845 860
845 848
845 846
846 849
847 864
847 860
848 864
848 866
848 867
848 849
849 864
851 863
852 864
852 860
852 866
852 865
852 863
854 867
855 863
855 859
855 857
855 860
857 859
857 864
857 867
857 866
858 864
859 866
860 864
861 863
863 866
865 866
865 867
