0 340
0 836
0 321
0 258
0 795
0 409
0 5
0 256
0 412
1 8
1 678
1 608
1 242
1 428
1 457
1 535
1 346
1 340
2 678
2 737
2 15
2 649
2 436
2 692
2 127
2 229
2 457
3 564
3 766
3 794
3 515
3 383
3 326
3 38
3 357
3 378
4 173
4 428
4 846
4 608
4 518
4 306
4 340
4 298
4 796
5 737
5 258
5 44
5 795
5 412
5 535
5 306
5 256
5 518
6 772
6 457
6 843
6 428
6 5
6 229
6 201
6 678
6 44
7 678
7 320
7 260
7 15
7 687
7 796
7 442
7 819
7 237
8 340
8 298
8 58
8 535
8 608
8 428
8 846
8 737
8 306
9 699
9 518
9 307
9 45
9 608
9 298
9 300
9 306
9 340
10 162
10 63
10 457
10 2
10 391
10 446
10 449
10 444
10 870
11 167
11 383
11 526
11 227
11 438
11 10
11 123
11 547
11 195
12 400
12 428
12 404
12 436
12 412
12 132
12 127
12 2
12 256
13 340
13 315
13 9
13 15
13 44
13 242
13 796
13 795
13 54
14 24
14 858
14 301
14 864
14 5
14 256
14 37
14 849
14 737
15 436
15 51
15 737
15 796
15 340
15 306
15 819
15 298
15 428
16 600
16 687
16 227
16 417
16 22
16 395
16 127
16 63
16 303
17 65
17 308
17 118
17 436
17 795
17 340
17 296
17 428
17 737
18 795
18 294
18 256
18 864
18 424
18 867
18 801
18 340
18 5
19 398
19 678
19 256
19 45
19 535
19 242
19 5
19 457
19 737
20 608
20 428
20 339
20 44
20 514
20 813
20 442
20 241
20 314
21 263
21 394
21 287
21 254
21 401
21 496
21 594
21 599
21 397
22 436
22 674
22 340
22 143
22 201
22 737
22 229
22 687
22 535
23 623
23 822
23 35
23 61
23 445
23 397
23 844
23 37
23 412
24 400
24 820
24 256
24 864
24 18
24 849
24 5
24 321
24 412
25 796
25 242
25 229
25 24
25 608
25 864
25 819
25 4
25 737
26 400
26 864
26 587
26 551
26 258
26 5
26 412
26 256
26 33
27 249
27 435
27 863
27 227
27 238
27 631
27 434
27 618
27 690
28 299
28 35
28 256
28 24
28 5
28 849
28 301
28 864
28 37
29 397
29 256
29 396
29 369
29 398
29 400
29 5
29 62
29 440
30 737
30 813
30 843
30 306
30 298
30 340
30 818
30 45
30 300
31 820
31 666
31 256
31 299
31 369
31 35
31 400
31 5
31 445
32 37
32 256
32 445
32 254
32 400
32 426
32 397
32 664
32 369
33 795
33 412
33 369
33 864
33 37
33 294
33 256
33 5
33 400
34 33
34 440
34 864
34 24
34 19
34 256
34 369
34 849
34 229
35 864
35 412
35 285
35 299
35 37
35 258
35 5
35 256
35 61
36 394
36 796
36 819
36 447
36 203
36 434
36 452
36 254
36 435
37 849
37 801
37 301
37 400
37 864
37 35
37 5
37 256
37 412
38 404
38 56
38 442
38 54
38 409
38 428
38 340
38 737
38 843
39 815
39 357
39 737
39 127
39 22
39 287
39 15
39 321
39 298
40 288
40 230
40 297
40 414
40 295
40 377
40 396
40 718
40 159
41 5
41 127
41 436
41 229
41 819
41 298
41 860
41 15
41 2
42 286
42 227
42 819
42 229
42 143
42 431
42 439
42 359
42 296
43 867
43 221
43 551
43 44
43 424
43 518
43 849
43 820
43 256
44 221
44 241
44 795
44 737
44 328
44 153
44 428
44 306
44 340
45 30
45 9
45 535
45 298
45 843
45 340
45 737
45 300
45 306
46 127
46 315
46 298
46 20
46 843
46 608
46 819
46 314
46 442
47 386
47 25
47 611
47 387
47 393
47 240
47 430
47 203
47 852
48 321
48 340
48 518
48 436
48 5
48 457
48 127
48 298
48 737
49 324
49 446
49 449
49 444
49 452
49 229
49 236
49 581
49 870
50 737
50 151
50 127
50 692
50 306
50 649
50 428
50 404
50 340
51 772
51 428
51 45
51 813
51 300
51 737
51 44
51 306
51 340
52 114
52 853
52 304
52 757
52 453
52 863
52 295
52 618
52 455
53 864
53 256
53 850
53 442
53 296
53 428
53 794
53 5
53 409
54 9
54 307
54 306
54 298
54 221
54 44
54 340
54 428
54 795
55 440
55 551
55 174
55 442
55 428
55 796
55 340
55 229
55 627
56 328
56 221
56 340
56 161
56 306
56 321
56 843
56 737
56 518
57 446
57 442
57 383
57 819
57 50
57 229
57 678
57 404
57 127
58 298
58 328
58 846
58 737
58 340
58 843
58 428
58 306
58 795
59 452
59 284
59 444
59 429
59 740
59 796
59 416
59 406
59 291
60 321
60 340
60 256
60 15
60 457
60 795
60 428
60 796
60 819
61 369
61 397
61 294
61 35
61 400
61 37
61 5
61 412
61 256
62 428
62 51
62 551
62 369
62 398
62 44
62 772
62 76
62 396
63 799
63 298
63 45
63 340
63 436
63 737
63 428
63 795
63 58
64 328
64 221
64 340
64 44
64 307
64 843
64 518
64 241
64 428
65 799
65 307
65 737
65 153
65 308
65 298
65 306
65 340
65 428
66 308
66 383
66 819
66 297
66 127
66 291
66 796
66 15
66 70
67 256
67 4
67 340
67 143
67 818
67 254
67 176
67 813
67 796
68 291
68 772
68 324
68 457
68 428
68 398
68 442
68 70
68 813
69 193
69 393
69 339
69 490
69 326
69 850
69 796
69 72
69 249
70 324
70 118
70 383
70 15
70 127
70 457
70 398
70 667
70 428
71 201
71 65
71 50
71 398
71 442
71 324
71 794
71 127
71 813
72 307
72 321
72 795
72 315
72 328
72 340
72 726
72 428
72 296
73 295
73 413
73 284
73 406
73 415
73 785
73 455
73 794
73 414
74 551
74 391
74 819
74 369
74 796
74 627
74 428
74 396
74 315
75 237
75 409
75 229
75 796
75 819
75 296
75 442
75 627
75 393
76 308
76 328
76 44
76 307
76 306
76 45
76 340
76 428
76 298
77 247
77 143
77 775
77 819
77 813
77 737
77 340
77 815
77 818
78 283
78 617
78 393
78 198
78 386
78 53
78 650
78 742
78 763
79 621
79 268
79 297
79 427
79 377
79 860
79 291
79 295
79 231
80 357
80 191
80 334
80 339
80 766
80 409
80 397
80 158
80 24
81 383
81 772
81 22
81 298
81 51
81 101
81 357
81 70
81 15
82 466
82 295
82 860
82 488
82 386
82 423
82 426
82 41
82 653
83 772
83 45
83 398
83 143
83 404
83 737
83 692
83 340
83 127
84 860
84 229
84 334
84 819
84 326
84 22
84 442
84 127
84 236
85 691
85 22
85 687
85 215
85 205
85 222
85 819
85 169
85 611
86 297
86 291
86 70
86 295
86 357
86 798
86 383
86 378
86 794
87 256
87 5
87 655
87 301
87 801
87 156
87 161
87 37
87 726
88 745
88 286
88 70
88 431
88 667
88 622
88 442
88 772
88 383
89 537
89 707
89 642
89 414
89 297
89 734
89 696
89 427
89 395
90 45
90 428
90 457
90 298
90 51
90 772
90 692
90 340
90 813
91 291
91 310
91 297
91 376
91 629
91 414
91 339
91 20
91 158
92 515
92 324
92 284
92 370
92 449
92 393
92 794
92 70
92 442
93 364
93 352
93 647
93 642
93 438
93 382
93 568
93 734
93 610
94 298
94 796
94 54
94 56
94 815
94 818
94 736
94 775
94 737
95 153
95 535
95 818
95 608
95 328
95 307
95 813
95 306
95 340
96 357
96 287
96 819
96 864
96 77
96 24
96 39
96 15
96 301
97 737
97 369
97 51
97 45
97 813
97 340
97 409
97 796
97 9
98 812
98 209
98 817
98 633
98 111
98 23
98 650
98 365
98 397
99 406
99 354
99 357
99 395
99 297
99 295
99 231
99 291
99 355
100 15
100 729
100 339
100 44
100 5
100 766
100 378
100 241
100 428
101 649
101 161
101 340
101 298
101 5
101 306
101 45
101 535
101 307
102 161
102 340
102 306
102 242
102 241
102 737
102 843
102 603
102 535
103 307
103 241
103 4
103 221
103 169
103 191
103 796
103 846
103 428
104 453
104 227
104 455
104 452
104 116
104 295
104 653
104 129
104 580
105 504
105 438
105 248
105 374
105 414
105 448
105 377
105 109
105 356
106 452
106 729
106 386
106 191
106 691
106 439
106 611
106 455
106 257
107 227
107 404
107 796
107 229
107 353
107 127
107 291
107 249
107 819
108 849
108 436
108 256
108 858
108 241
108 287
108 321
108 127
108 412
109 231
109 326
109 22
109 286
109 227
109 438
109 229
109 679
109 324
110 412
110 321
110 0
110 256
110 254
110 5
110 127
110 457
110 436
111 256
111 400
111 402
111 412
111 35
111 397
111 299
111 630
111 61
112 321
112 412
112 44
112 404
112 630
112 256
112 118
112 5
112 400
113 236
113 297
113 227
113 766
113 705
113 338
113 664
113 126
113 356
114 229
114 398
114 286
114 404
114 334
114 391
114 819
114 442
114 127
115 247
115 666
115 424
115 321
115 436
115 795
115 409
115 820
115 796
116 457
116 396
116 63
116 127
116 353
116 363
116 227
116 398
116 400
117 5
117 353
117 409
117 398
117 127
117 242
117 201
117 666
117 428
118 843
118 428
118 340
118 127
118 161
118 436
118 737
118 306
118 298
119 340
119 737
119 58
119 813
119 436
119 306
119 562
119 846
119 428
120 301
120 772
120 400
120 424
120 118
120 127
120 396
120 667
120 412
121 126
121 363
121 321
121 160
121 127
121 286
121 439
121 63
121 651
122 199
122 256
122 436
122 457
122 207
122 291
122 169
122 442
122 127
123 62
123 224
123 398
123 457
123 254
123 251
123 127
123 227
123 298
124 279
124 44
124 58
124 436
124 298
124 191
124 428
124 169
124 846
125 435
125 425
125 38
125 442
125 415
125 853
125 115
125 365
125 353
126 690
126 436
126 391
126 457
126 63
126 45
126 398
126 442
126 127
127 678
127 649
127 404
127 118
127 45
127 737
127 428
127 298
127 436
128 127
128 256
128 420
128 445
128 400
128 435
128 369
128 291
128 303
129 622
129 453
129 227
129 580
129 122
129 444
129 455
129 778
129 492
130 266
130 277
130 620
130 56
130 156
130 233
130 316
130 819
130 796
131 425
131 339
131 138
131 726
131 849
131 796
131 819
131 456
131 429
132 412
132 308
132 5
132 143
132 301
132 256
132 436
132 37
132 737
133 229
133 77
133 819
133 815
133 286
133 287
133 301
133 138
133 143
134 415
134 253
134 796
134 617
134 794
134 158
134 53
134 240
134 205
135 310
135 284
135 393
135 488
135 72
135 413
135 796
135 429
135 819
136 338
136 414
136 464
136 393
136 794
136 574
136 796
136 429
136 326
137 849
137 340
137 655
137 535
137 56
137 518
137 328
137 161
137 153
138 340
138 737
138 321
138 813
138 819
138 457
138 436
138 143
138 428
139 22
139 286
139 432
139 151
139 297
139 442
139 677
139 160
139 132
140 221
140 161
140 474
140 56
140 156
140 153
140 867
140 428
140 843
141 581
141 456
141 278
141 143
141 796
141 287
141 820
141 424
141 301
142 193
142 819
142 796
142 409
142 13
142 428
142 138
142 442
142 326
143 308
143 256
143 795
143 412
143 428
143 161
143 321
143 737
143 340
144 56
144 457
144 436
144 346
144 428
144 153
144 737
144 256
144 151
145 328
145 737
145 156
145 346
145 306
145 655
145 340
145 161
145 153
146 288
146 860
146 326
146 819
146 439
146 452
146 151
146 653
146 249
147 215
147 436
147 229
147 819
147 143
147 452
147 608
147 457
147 796
148 229
148 678
148 813
148 340
148 436
148 457
148 819
148 692
148 737
149 428
149 151
149 241
149 456
149 452
149 442
149 819
149 229
149 474
150 138
150 177
150 796
150 429
150 326
150 260
150 818
150 819
150 249
151 321
151 161
151 737
151 457
151 428
151 436
151 340
151 143
151 153
152 518
152 285
152 655
152 5
152 456
152 241
152 258
152 256
152 820
153 156
153 846
153 737
153 306
153 795
153 346
153 428
153 44
153 340
154 444
154 435
154 452
154 456
154 443
154 430
154 415
154 414
154 454
155 456
155 457
155 428
155 452
155 143
155 819
155 138
155 813
155 151
156 436
156 843
156 340
156 306
156 239
156 655
156 153
156 221
156 161
157 726
157 456
157 737
157 296
157 56
157 138
157 256
157 428
157 221
158 340
158 442
158 321
158 339
158 44
158 813
158 428
158 315
158 398
159 819
159 796
159 151
159 301
159 298
159 447
159 660
159 308
159 297
160 340
160 235
160 428
160 444
160 457
160 651
160 229
160 151
160 404
161 436
161 535
161 340
161 474
161 306
161 737
161 843
161 518
161 153
162 436
162 737
162 819
162 457
162 391
162 404
162 428
162 692
162 229
163 340
163 518
163 241
163 674
163 200
163 867
163 819
163 474
163 232
164 610
164 229
164 263
164 252
164 200
164 286
164 192
164 265
164 260
165 237
165 246
165 796
165 224
165 794
165 251
165 819
165 291
165 334
166 737
166 257
166 200
166 308
166 143
166 196
166 819
166 815
166 286
167 63
167 251
167 442
167 452
167 819
167 41
167 449
167 229
167 227
168 674
168 232
168 256
168 173
168 818
168 820
168 266
168 247
168 819
169 315
169 608
169 307
169 340
169 846
169 796
169 298
169 795
169 428
170 222
170 237
170 221
170 56
170 737
170 306
170 241
170 235
170 298
171 452
171 439
171 224
171 181
171 15
171 796
171 436
171 298
171 819
172 200
172 201
172 235
172 457
172 177
172 229
172 298
172 174
172 428
173 608
173 846
173 241
173 306
173 221
173 235
173 518
173 843
173 298
174 241
174 428
174 235
174 328
174 775
174 298
174 201
174 340
174 307
175 818
175 298
175 815
175 173
175 819
175 232
175 796
175 229
175 278
176 737
176 818
176 232
176 428
176 256
176 340
176 328
176 221
176 307
177 235
177 239
177 298
177 796
177 181
177 608
177 169
177 4
177 229
178 265
178 193
178 818
178 227
178 174
178 229
178 678
178 815
178 200
179 233
179 474
179 169
179 819
179 796
179 298
179 314
179 843
179 184
180 321
180 5
180 655
180 424
180 247
180 18
180 221
180 258
180 256
181 298
181 235
181 457
181 173
181 169
181 428
181 608
181 436
181 796
182 9
182 775
182 221
182 843
182 45
182 298
182 306
182 300
182 235
183 201
183 298
183 229
183 237
183 199
183 465
183 314
183 442
183 193
184 843
184 328
184 346
184 655
184 156
184 277
184 233
184 221
184 239
185 340
185 813
185 298
185 247
185 221
185 815
185 306
185 321
185 818
186 772
186 697
186 815
186 818
186 298
186 348
186 45
186 95
186 813
187 22
187 15
187 242
187 674
187 819
187 687
187 207
187 796
187 232
188 235
188 241
188 328
188 306
188 655
188 221
188 300
188 518
188 674
189 796
189 251
189 254
189 813
189 224
189 231
189 338
189 442
189 819
190 263
190 848
190 452
190 287
190 293
190 251
190 796
190 819
190 187
191 201
191 298
191 239
191 169
191 307
191 221
191 813
191 306
191 241
192 241
192 199
192 274
192 278
192 229
192 200
192 298
192 456
192 307
193 237
193 241
193 44
193 314
193 298
193 813
193 76
193 315
193 428
194 442
194 57
194 438
194 618
194 338
194 414
194 229
194 227
194 249
195 206
195 177
195 229
195 326
195 200
195 227
195 796
195 251
195 819
196 222
196 221
196 182
196 340
196 314
196 235
196 300
196 298
196 843
197 224
197 195
197 334
197 183
197 167
197 442
197 414
197 231
197 265
198 260
198 452
198 203
198 195
198 229
198 240
198 249
198 282
198 227
199 229
199 279
199 169
199 201
199 298
199 241
199 44
199 428
199 518
200 474
200 328
200 428
200 241
200 174
200 235
200 237
200 229
200 221
201 229
201 428
201 235
201 174
201 306
201 241
201 242
201 307
201 298
202 306
202 775
202 173
202 221
202 235
202 211
202 239
202 237
202 182
203 265
203 187
203 229
203 255
203 177
203 452
203 227
203 195
203 240
204 227
204 167
204 249
204 622
204 172
204 438
204 192
204 177
204 229
205 249
205 246
205 819
205 452
205 581
205 796
205 224
205 229
205 278
206 287
206 229
206 796
206 171
206 260
206 224
206 237
206 211
206 819
207 795
207 307
207 221
207 843
207 340
207 161
207 518
207 306
207 256
208 326
208 224
208 246
208 215
208 249
208 287
208 819
208 796
208 227
209 412
209 706
209 624
209 207
209 440
209 587
209 424
209 256
209 551
210 162
210 452
210 229
210 171
210 796
210 819
210 181
210 457
210 177
211 237
211 161
211 340
211 328
211 241
211 239
211 307
211 235
211 221
212 191
212 237
212 180
212 200
212 178
212 229
212 274
212 260
212 172
213 338
213 396
213 31
213 254
213 435
213 812
213 256
213 445
213 397
214 239
214 307
214 843
214 237
214 221
214 222
214 235
214 328
214 241
215 221
215 279
215 222
215 241
215 456
215 298
215 229
215 608
215 726
216 241
216 867
216 488
216 222
216 246
216 200
216 237
216 249
216 316
217 249
217 687
217 255
217 171
217 200
217 229
217 254
217 431
217 819
218 229
218 174
218 369
218 442
218 201
218 398
218 298
218 254
218 435
219 386
219 429
219 611
219 195
219 227
219 254
219 229
219 249
219 260
220 205
220 249
220 610
220 236
220 183
220 199
220 234
220 257
220 229
221 153
221 306
221 242
221 428
221 843
221 256
221 241
221 328
221 340
222 307
222 298
222 843
222 239
222 846
222 608
222 235
222 221
222 241
223 328
223 815
223 247
223 56
223 22
223 346
223 819
223 818
223 307
224 279
224 241
224 340
224 298
224 229
224 251
224 201
224 169
224 237
225 195
225 227
225 265
225 687
225 452
225 209
225 293
225 251
225 254
226 193
226 231
226 291
226 203
226 191
226 526
226 265
226 338
226 245
227 251
227 442
227 428
227 298
227 819
227 551
227 457
227 229
227 678
228 328
228 247
228 211
228 239
228 266
228 819
228 277
228 221
228 815
229 235
229 436
229 457
229 237
229 428
229 242
229 201
229 678
229 298
230 203
230 263
230 420
230 245
230 254
230 249
230 195
230 396
230 227
231 315
231 813
231 442
231 189
231 796
231 291
231 227
231 334
231 819
232 775
232 340
232 436
232 655
232 737
232 221
232 328
232 518
232 235
233 156
233 266
233 277
233 241
233 221
233 306
233 328
233 56
233 843
234 251
234 446
234 33
234 299
234 229
234 256
234 227
234 852
234 353
235 340
235 846
235 306
235 300
235 182
235 518
235 298
235 843
235 221
236 678
236 201
236 127
236 251
236 227
236 22
236 229
236 819
236 442
237 320
237 428
237 843
237 314
237 307
237 298
237 306
237 221
237 241
238 249
238 191
238 251
238 551
238 193
238 812
238 756
238 276
238 227
239 340
239 843
239 156
239 306
239 235
239 221
239 153
239 307
239 298
240 227
240 249
240 819
240 442
240 393
240 251
240 203
240 617
240 468
241 314
241 608
241 221
241 237
241 307
241 44
241 306
241 328
241 518
242 795
242 737
242 428
242 535
242 256
242 306
242 340
242 843
242 221
243 171
243 172
243 444
243 177
243 436
243 796
243 457
243 229
243 452
244 180
244 702
244 206
244 682
244 248
244 186
244 818
244 77
244 185
245 24
245 251
245 442
245 756
245 229
245 445
245 400
245 5
245 256
246 315
246 796
246 174
246 237
246 314
246 674
246 307
246 298
246 239
247 320
247 843
247 795
247 428
247 306
247 737
247 221
247 340
247 328
248 268
248 263
248 338
248 231
248 257
248 326
248 819
248 646
248 286
249 260
249 227
249 627
249 229
249 436
249 819
249 428
249 796
249 173
250 266
250 235
250 815
250 232
250 239
250 819
250 184
250 228
250 247
251 221
251 254
251 237
251 737
251 256
251 181
251 436
251 201
251 457
252 298
252 428
252 174
252 200
252 241
252 237
252 224
252 201
252 229
253 191
253 409
253 256
253 241
253 258
253 425
253 239
253 173
253 820
254 412
254 369
254 298
254 256
254 431
254 457
254 5
254 251
254 0
255 340
255 237
255 328
255 298
255 316
255 174
255 211
255 796
255 819
256 340
256 242
256 294
256 737
256 258
256 412
256 5
256 321
256 221
257 227
257 237
257 170
257 691
257 287
257 260
257 338
257 819
257 815
258 328
258 221
258 655
258 294
258 285
258 820
258 5
258 256
258 321
259 820
259 687
259 442
259 452
259 241
259 867
259 232
259 229
259 22
260 221
260 235
260 737
260 237
260 340
260 298
260 608
260 819
260 256
261 229
261 201
261 340
261 667
261 442
261 428
261 398
261 58
261 174
262 249
262 273
262 449
262 678
262 192
262 442
262 353
262 229
262 251
263 229
263 251
263 457
263 200
263 796
263 260
263 254
263 256
263 819
264 251
264 295
264 265
264 183
264 249
264 386
264 203
264 195
264 334
265 442
265 314
265 608
265 241
265 298
265 279
265 237
265 229
265 193
266 256
266 239
266 277
266 307
266 56
266 328
266 221
266 233
266 241
267 266
267 222
267 233
267 699
267 202
267 239
267 211
267 235
267 221
268 745
268 622
268 324
268 326
268 231
268 227
268 457
268 819
268 229
269 252
269 183
269 266
269 224
269 265
269 280
269 274
269 192
269 278
270 183
270 386
270 617
270 393
270 249
270 619
270 295
270 240
270 203
271 256
271 796
271 608
271 266
271 221
271 237
271 229
271 241
271 409
272 428
272 221
272 799
272 279
272 184
272 538
272 176
272 239
272 202
273 191
273 799
273 820
273 287
273 143
273 321
273 256
273 412
273 229
274 404
274 649
274 306
274 201
274 241
274 692
274 307
274 235
274 298
275 608
275 239
275 279
275 201
275 241
275 307
275 229
275 221
275 328
276 398
276 237
276 296
276 174
276 229
276 298
276 428
276 201
276 442
277 235
277 221
277 233
277 328
277 306
277 56
277 340
277 843
277 241
278 307
278 221
278 340
278 328
278 608
278 239
278 796
278 241
278 229
279 221
279 237
279 608
279 239
279 428
279 306
279 298
279 235
279 307
280 278
280 428
280 174
280 235
280 221
280 200
280 241
280 201
280 229
281 417
281 617
281 227
281 234
281 393
281 203
281 265
281 249
281 240
282 436
282 200
282 819
282 229
282 232
282 235
282 181
282 251
282 457
283 231
283 343
283 413
283 386
283 377
283 295
283 240
283 617
283 393
284 291
284 457
284 846
284 405
284 428
284 796
284 169
284 819
284 429
285 655
285 424
285 256
285 294
285 820
285 321
285 5
285 340
285 258
286 678
286 383
286 127
286 457
286 737
286 15
286 772
286 815
286 143
287 846
287 315
287 298
287 306
287 321
287 314
287 340
287 819
287 307
288 301
288 396
288 333
288 143
288 439
288 298
288 726
288 819
288 296
289 328
289 301
289 299
289 296
289 291
289 285
289 5
289 256
289 321
290 287
290 428
290 251
290 593
290 328
290 674
290 699
290 320
290 211
291 819
291 442
291 127
291 256
291 404
291 15
291 324
291 428
291 796
292 296
292 312
292 60
292 35
292 864
292 301
292 291
292 359
292 299
293 864
293 15
293 801
293 412
293 796
293 258
293 5
293 819
293 820
294 221
294 518
294 321
294 328
294 256
294 258
294 5
294 241
294 285
295 794
295 414
295 442
295 291
295 15
295 127
295 398
295 297
295 796
296 153
296 221
296 456
296 795
296 161
296 328
296 737
296 340
296 428
297 428
297 324
297 315
297 796
297 15
297 298
297 291
297 442
297 398
298 518
298 737
298 235
298 775
298 314
298 45
298 300
298 340
298 306
299 37
299 256
299 258
299 35
299 424
299 285
299 294
299 412
299 820
300 182
300 701
300 30
300 235
300 298
300 340
300 9
300 45
300 306
301 340
301 428
301 535
301 864
301 5
301 737
301 436
301 161
301 321
302 285
302 315
302 321
302 320
302 316
302 867
302 820
302 795
302 849
303 431
303 127
303 338
303 819
303 391
303 324
303 291
303 369
303 398
304 227
304 393
304 249
304 413
304 796
304 429
304 295
304 452
304 291
305 850
305 296
305 819
305 796
305 428
305 627
305 318
305 291
305 251
306 300
306 737
306 843
306 340
306 535
306 298
306 45
306 44
306 161
307 221
307 608
307 518
307 153
307 428
307 340
307 241
307 306
307 328
308 161
308 518
308 428
308 321
308 737
308 340
308 328
308 306
308 795
309 379
309 263
309 286
309 206
309 611
309 338
309 326
309 334
309 195
310 328
310 54
310 320
310 315
310 20
310 339
310 72
310 221
310 796
311 737
311 308
311 315
311 307
311 815
311 306
311 321
311 340
311 348
312 428
312 256
312 297
312 291
312 412
312 756
312 338
312 864
312 299
313 339
313 813
313 348
313 316
313 315
313 328
313 340
313 307
313 298
314 608
314 45
314 340
314 737
314 843
314 518
314 241
314 306
314 298
315 298
315 428
315 306
315 44
315 153
315 328
315 795
315 340
315 307
316 307
316 256
316 315
316 294
316 321
316 221
316 867
316 328
316 820
317 456
317 340
317 338
317 296
317 409
317 428
317 796
317 819
317 326
318 296
318 307
318 56
318 428
318 221
318 340
318 796
318 795
318 308
319 388
319 611
319 293
319 287
319 176
319 796
319 425
319 321
319 327
320 161
320 321
320 843
320 428
320 340
320 221
320 328
320 306
320 795
321 328
321 256
321 737
321 340
321 294
321 44
321 56
321 306
321 795
322 813
322 428
322 737
322 320
322 308
322 772
322 346
322 340
322 328
323 794
323 796
323 291
323 307
323 313
323 315
323 284
323 850
323 193
324 291
324 649
324 391
324 442
324 457
324 772
324 127
324 428
324 398
325 307
325 313
325 338
325 287
325 315
325 183
325 297
325 291
325 68
326 340
326 428
326 54
326 287
326 819
326 796
326 818
326 315
326 813
327 328
327 308
327 314
327 819
327 340
327 321
327 306
327 796
327 320
328 518
328 428
328 153
328 795
328 241
328 307
328 306
328 221
328 340
329 819
329 237
329 254
329 284
329 177
329 543
329 796
329 251
329 265
330 44
330 285
330 655
330 221
330 153
330 340
330 235
330 795
330 306
331 315
331 328
331 795
331 161
331 30
331 737
331 221
331 340
331 242
332 320
332 330
332 308
332 221
332 818
332 321
332 655
332 795
332 328
333 518
333 820
333 328
333 795
333 153
333 285
333 307
333 340
333 330
334 772
334 15
334 315
334 442
334 819
334 796
334 340
334 795
334 291
335 68
335 288
335 203
335 291
335 377
335 297
335 295
335 395
335 414
336 295
336 227
336 293
336 396
336 297
336 303
336 369
336 359
336 338
337 169
337 284
337 246
337 315
337 327
337 313
337 287
337 796
337 310
338 409
338 339
338 314
338 818
338 321
338 398
338 819
338 315
338 813
339 221
339 316
339 306
339 795
339 315
339 321
339 241
339 328
339 44
340 161
340 221
340 737
340 153
340 428
340 306
340 328
340 795
340 843
341 169
341 315
341 428
341 279
341 813
341 796
341 795
341 340
341 308
342 431
342 301
342 858
342 251
342 308
342 819
342 60
342 796
342 457
343 297
343 819
343 315
343 334
343 442
343 291
343 796
343 660
343 339
344 297
344 798
344 167
344 569
344 303
344 410
344 387
344 291
344 68
345 314
345 307
345 169
345 56
345 518
345 221
345 315
345 795
345 328
346 221
346 328
346 795
346 321
346 737
346 655
346 535
346 340
346 153
347 321
347 805
347 320
347 428
347 221
347 211
347 256
347 315
347 316
348 221
348 428
348 307
348 306
348 300
348 153
348 298
348 737
348 340
349 249
349 326
349 343
349 413
349 796
349 334
349 287
349 819
349 611
350 268
350 167
350 295
350 459
350 377
350 615
350 443
350 547
350 432
351 374
351 633
351 356
351 387
351 397
351 377
351 817
351 213
351 338
352 326
352 303
352 68
352 398
352 254
352 338
352 334
352 796
352 70
353 242
353 44
353 229
353 298
353 5
353 241
353 442
353 428
353 201
354 353
354 457
354 340
354 404
354 428
354 307
354 796
354 442
354 229
355 127
355 229
355 291
355 297
355 395
355 227
355 353
355 354
355 442
356 53
356 301
356 51
356 391
356 291
356 399
356 397
356 256
356 383
357 298
357 15
357 44
357 54
357 370
357 819
357 306
357 340
357 766
358 231
358 355
358 68
358 414
358 189
358 386
358 295
358 377
358 778
359 819
359 15
359 412
359 298
359 301
359 442
359 127
359 369
359 296
360 227
360 740
360 783
360 814
360 317
360 442
360 414
360 68
360 794
361 5
361 48
361 699
361 737
361 45
361 442
361 363
361 46
361 298
362 742
362 393
362 359
362 414
362 343
362 377
362 635
362 295
362 642
363 315
363 307
363 5
363 819
363 357
363 301
363 15
363 298
363 369
364 334
364 293
364 772
364 594
364 581
364 452
364 431
364 438
364 401
365 756
365 850
365 627
365 299
365 312
365 551
365 291
365 407
365 706
366 417
366 226
366 304
366 783
366 377
366 415
366 642
366 295
366 367
367 287
367 354
367 193
367 452
367 199
367 819
367 297
367 127
367 291
368 775
368 298
368 300
368 306
368 45
368 491
368 357
368 370
368 30
369 340
369 649
369 396
369 400
369 518
369 412
369 737
369 5
369 256
370 737
370 127
370 340
370 300
370 45
370 298
370 491
370 306
370 368
371 373
371 203
371 377
371 386
371 358
371 268
371 231
371 742
371 295
372 819
372 324
372 354
372 442
372 449
372 183
372 297
372 447
372 452
373 383
373 794
373 442
373 353
373 398
373 338
373 734
373 438
373 707
374 378
374 251
374 817
374 231
374 291
374 387
374 263
374 338
374 356
375 229
375 298
375 326
375 15
375 297
375 770
375 819
375 794
375 796
376 357
376 20
376 796
376 315
376 442
376 378
376 447
376 334
376 819
377 464
377 442
377 334
377 297
377 295
377 338
377 189
377 414
377 68
378 321
378 391
378 796
378 15
378 737
378 324
378 428
378 51
378 340
379 819
379 384
379 409
379 388
379 737
379 334
379 766
379 53
379 326
380 442
380 514
380 357
380 768
380 9
380 54
380 315
380 298
380 699
381 384
381 452
381 316
381 819
381 302
381 293
381 488
381 287
381 334
382 295
382 443
382 734
382 236
382 395
382 617
382 353
382 778
382 373
383 62
383 76
383 15
383 298
383 428
383 772
383 127
383 51
383 398
384 737
384 457
384 315
384 334
384 340
384 296
384 388
384 796
384 819
385 638
385 374
385 720
385 227
385 350
385 698
385 68
385 798
385 377
386 452
386 796
386 413
386 357
386 819
386 227
386 611
386 326
386 393
387 412
387 400
387 445
387 297
387 407
387 599
387 397
387 756
387 356
388 221
388 256
388 843
388 795
388 436
388 346
388 737
388 340
388 306
389 297
389 698
389 376
389 414
389 69
389 335
389 295
389 377
389 362
390 382
390 283
390 635
390 753
390 335
390 509
390 362
390 698
390 377
391 813
391 340
391 692
391 5
391 457
391 428
391 436
391 737
391 795
392 330
392 5
392 229
392 22
392 297
392 819
392 442
392 132
392 796
393 15
393 334
393 315
393 413
393 291
393 442
393 794
393 819
393 796
394 620
394 173
394 819
394 796
394 474
394 867
394 849
394 4
394 315
395 447
395 324
395 819
395 442
395 127
395 660
395 354
395 297
395 291
396 5
396 340
396 256
396 428
396 62
396 412
396 400
396 369
396 398
397 256
397 0
397 445
397 37
397 412
397 61
397 5
397 400
397 35
398 45
398 324
398 127
398 428
398 396
398 62
398 772
398 51
398 813
399 340
399 737
399 457
399 428
399 849
399 795
399 5
399 436
399 391
400 518
400 294
400 397
400 396
400 369
400 5
400 256
400 412
400 33
401 431
401 599
401 227
401 249
401 13
401 796
401 392
401 819
401 353
402 706
402 256
402 285
402 5
402 294
402 445
402 424
402 412
402 403
403 445
403 5
403 706
403 402
403 424
403 795
403 412
403 409
403 256
404 436
404 649
404 340
404 256
404 692
404 306
404 737
404 843
404 428
405 737
405 153
405 796
405 340
405 828
405 428
405 846
405 457
405 307
406 405
406 324
406 813
406 562
406 457
406 796
406 428
406 340
406 291
407 402
407 433
407 426
407 256
407 445
407 409
407 412
407 400
407 396
408 667
408 444
408 442
408 406
408 796
408 227
408 284
408 405
408 291
409 44
409 321
409 795
409 242
409 340
409 256
409 5
409 843
409 428
410 428
410 442
410 407
410 369
410 581
410 444
410 457
410 227
410 426
411 416
411 442
411 404
411 63
411 436
411 796
411 428
411 843
411 409
412 849
412 400
412 340
412 795
412 143
412 5
412 864
412 256
412 424
413 627
413 60
413 442
413 334
413 819
413 15
413 393
413 429
413 796
414 404
414 796
414 439
414 324
414 428
414 297
414 291
414 442
414 452
415 138
415 457
415 428
415 796
415 455
415 291
415 819
415 429
415 406
416 328
416 300
416 428
416 409
416 436
416 457
416 608
416 340
416 315
417 227
417 428
417 324
417 63
417 442
417 457
417 291
417 138
417 415
418 457
418 436
418 51
418 813
418 428
418 692
418 737
418 340
418 391
419 815
419 818
419 71
419 770
419 77
419 696
419 813
419 723
419 697
420 737
420 820
420 256
420 321
420 409
420 412
420 428
420 445
420 0
421 423
421 438
421 581
421 628
421 383
421 610
421 488
421 617
421 430
422 457
422 429
422 60
422 417
422 433
422 291
422 796
422 428
422 406
423 256
423 405
423 4
423 428
423 819
423 457
423 143
423 796
423 431
424 44
424 428
424 820
424 285
424 256
424 340
424 5
424 795
424 412
425 424
425 412
425 820
425 726
425 409
425 864
425 321
425 256
425 849
426 457
426 407
426 5
426 61
426 301
426 285
426 256
426 433
426 412
427 291
427 796
427 457
427 442
427 297
427 303
427 398
427 404
427 428
428 221
428 795
428 328
428 843
428 846
428 737
428 58
428 340
428 153
429 169
429 72
429 315
429 846
429 221
429 428
429 457
429 796
429 284
430 431
430 429
430 436
430 215
430 457
430 229
430 227
430 452
430 455
431 678
431 5
431 772
431 254
431 457
431 388
431 436
431 428
431 819
432 151
432 431
432 651
432 430
432 436
432 423
432 444
432 452
432 457
433 409
433 340
433 5
433 457
433 428
433 412
433 256
433 296
433 61
434 405
434 5
434 256
434 551
434 850
434 409
434 428
434 315
434 440
435 796
435 229
435 666
435 428
435 820
435 445
435 442
435 315
435 256
436 843
436 161
436 692
436 306
436 340
436 153
436 428
436 737
436 457
437 442
437 296
437 436
437 456
437 428
437 457
437 138
437 229
437 433
438 439
438 353
438 860
438 452
438 442
438 440
438 227
438 229
438 417
439 161
439 151
439 296
439 737
439 457
439 442
439 308
439 143
439 436
440 551
440 201
440 428
440 296
440 409
440 242
440 256
440 5
440 369
441 819
441 535
441 846
441 442
441 409
441 428
441 678
441 457
441 436
442 398
442 229
442 340
442 45
442 457
442 428
442 298
442 678
442 404
443 414
443 70
443 452
443 229
443 454
443 297
443 581
443 442
443 444
444 678
444 428
444 819
444 692
444 162
444 846
444 452
444 436
444 457
445 285
445 424
445 400
445 258
445 403
445 5
445 820
445 256
445 412
446 256
446 45
446 457
446 404
446 562
446 737
446 5
446 428
446 436
447 660
447 813
447 340
447 76
447 442
447 796
447 15
447 428
447 819
448 40
448 386
448 414
448 455
448 358
448 304
448 295
448 377
448 438
449 452
449 446
449 843
449 428
449 457
449 442
449 436
449 229
449 678
450 22
450 442
450 428
450 457
450 452
450 611
450 687
450 405
450 229
451 849
451 306
451 474
451 221
451 775
451 340
451 843
451 307
451 298
452 442
452 474
452 737
452 456
452 428
452 436
452 457
452 687
452 229
453 796
453 326
453 227
453 581
453 249
453 452
453 415
453 438
453 455
454 324
454 459
454 442
454 428
454 430
454 455
454 457
454 229
454 452
455 22
455 457
455 428
455 456
455 796
455 229
455 863
455 429
455 452
456 474
456 726
456 307
456 241
456 153
456 340
456 428
456 328
456 296
457 772
457 692
457 678
457 649
457 737
457 428
457 340
457 436
457 153
458 819
458 316
458 867
458 474
458 848
458 655
458 156
458 488
458 475
459 151
459 256
459 654
459 456
459 819
459 22
459 466
459 452
459 687
460 478
460 488
460 414
460 203
460 464
460 459
460 240
460 257
460 466
461 298
461 515
461 30
461 370
461 491
461 409
461 45
461 794
461 247
462 143
462 465
462 138
462 291
462 459
462 480
462 819
462 488
462 301
463 258
463 795
463 737
463 474
463 340
463 143
463 161
463 843
463 256
464 291
464 339
464 315
464 442
464 819
464 484
464 796
464 452
464 428
465 428
465 221
465 328
465 314
465 843
465 44
465 241
465 307
465 474
466 687
466 475
466 143
466 456
466 819
466 452
466 484
466 488
466 459
467 452
467 687
467 848
467 301
467 726
467 819
467 482
467 481
467 287
468 393
468 455
468 415
468 172
468 581
468 819
468 240
468 449
468 442
469 326
469 68
469 227
469 256
469 251
469 334
469 175
469 291
469 819
470 287
470 227
470 393
470 293
470 249
470 488
470 796
470 819
470 599
471 53
471 255
471 280
471 317
471 484
471 326
471 459
471 466
471 488
472 464
472 469
472 459
472 466
472 425
472 819
472 489
472 467
472 488
473 488
473 452
473 301
473 674
473 316
473 465
473 180
473 655
473 481
474 737
474 328
474 843
474 307
474 340
474 867
474 153
474 161
474 655
475 867
475 340
475 233
475 843
475 56
475 221
475 474
475 161
475 655
476 462
476 459
476 208
476 482
476 464
476 326
476 490
476 466
476 488
477 315
477 233
477 820
477 200
477 221
477 143
477 867
477 222
477 316
478 654
478 445
478 483
478 488
478 466
478 475
478 820
478 180
478 462
479 296
479 500
479 321
479 307
479 221
479 241
479 456
479 328
479 316
480 388
480 474
480 221
480 143
480 655
480 819
480 796
480 457
480 340
481 156
481 340
481 315
481 474
481 463
481 819
481 143
481 298
481 308
482 15
482 321
482 474
482 428
482 456
482 726
482 687
482 463
482 340
483 820
483 488
483 466
483 801
483 475
483 478
483 480
483 433
483 462
484 474
484 805
484 174
484 463
484 315
484 819
484 442
484 428
484 340
485 478
485 486
485 459
485 414
485 69
485 462
485 466
485 490
485 488
486 158
486 414
486 326
486 742
486 413
486 291
486 356
486 466
486 459
487 646
487 469
487 473
487 488
487 464
487 676
487 478
487 466
487 462
488 321
488 796
488 801
488 475
488 820
488 691
488 474
488 143
488 819
489 346
489 247
489 465
489 221
489 475
489 321
489 315
489 850
489 287
490 428
490 463
490 296
490 256
490 315
490 241
490 291
490 321
490 726
491 58
491 44
491 340
491 51
491 306
491 300
491 45
491 428
491 535
492 457
492 15
492 298
492 297
492 254
492 447
492 227
492 295
492 442
493 468
493 234
493 240
493 227
493 617
493 615
493 559
493 570
493 281
494 195
494 611
494 287
494 315
494 314
494 227
494 260
494 429
494 819
495 298
495 328
495 241
495 306
495 608
495 307
495 320
495 314
495 518
496 446
496 58
496 843
496 127
496 737
496 256
496 321
496 5
496 4
497 669
497 314
497 796
497 56
497 775
497 320
497 608
497 843
497 237
498 866
498 56
498 736
498 587
498 669
498 221
498 409
498 843
498 530
499 328
499 603
499 608
499 587
499 627
499 796
499 229
499 456
499 442
500 161
500 340
500 328
500 795
500 306
500 307
500 843
500 320
500 428
501 428
501 306
501 843
501 298
501 674
501 737
501 307
501 340
501 314
502 334
502 393
502 60
502 183
502 567
502 611
502 819
502 287
502 543
503 449
503 404
503 870
503 127
503 229
503 442
503 627
503 667
503 353
504 428
504 442
504 796
504 819
504 126
504 398
504 15
504 158
504 334
505 229
505 669
505 287
505 265
505 227
505 177
505 442
505 163
505 192
506 667
506 772
506 45
506 127
506 457
506 649
506 404
506 562
506 737
507 293
507 251
507 249
507 255
507 227
507 796
507 633
507 338
507 401
508 256
508 242
508 608
508 247
508 45
508 428
508 446
508 237
508 221
509 324
509 127
509 524
509 303
509 297
509 395
509 295
509 291
509 442
510 843
510 251
510 846
510 795
510 58
510 428
510 169
510 796
510 436
511 622
511 524
511 398
511 297
511 68
511 442
511 334
511 667
511 295
512 334
512 796
512 393
512 442
512 287
512 449
512 249
512 227
512 819
513 236
513 570
513 386
513 291
513 303
513 227
513 617
513 334
513 393
514 551
514 562
514 44
514 340
514 795
514 300
514 428
514 608
514 846
515 608
515 794
515 45
515 442
515 562
515 428
515 796
515 229
515 843
516 127
516 45
516 369
516 62
516 398
516 440
516 442
516 353
516 551
517 398
517 668
517 63
517 338
517 446
517 610
517 314
517 442
517 45
518 307
518 161
518 235
518 306
518 241
518 737
518 328
518 608
518 340
519 291
519 295
519 415
519 249
519 227
519 459
519 414
519 778
519 852
520 438
520 240
520 393
520 334
520 442
520 851
520 529
520 619
520 618
521 229
521 326
521 687
521 53
521 393
521 227
521 353
521 819
521 442
522 831
522 864
522 404
522 440
522 229
522 256
522 369
522 412
522 667
523 766
523 851
523 446
523 794
523 442
523 562
523 201
523 611
523 334
524 308
524 674
524 324
524 772
524 127
524 442
524 398
524 340
524 298
525 428
525 256
525 587
525 296
525 551
525 820
525 630
525 627
525 624
526 177
526 457
526 428
526 127
526 227
526 690
526 169
526 436
526 251
527 227
527 452
527 203
527 386
527 742
527 393
527 617
527 611
527 240
528 579
528 167
528 618
528 698
528 645
528 268
528 453
528 240
528 438
529 662
529 38
529 497
529 409
529 796
529 627
529 819
529 249
529 669
530 307
530 320
530 843
530 456
530 726
530 428
530 587
530 849
530 551
531 12
531 431
531 61
531 15
531 127
531 148
531 254
531 2
531 291
532 551
532 357
532 353
532 383
532 442
532 291
532 398
532 297
532 312
533 508
533 138
533 404
533 237
533 20
533 38
533 442
533 514
533 446
534 316
534 611
534 287
534 256
534 227
534 452
534 321
534 729
534 251
535 242
535 153
535 692
535 843
535 5
535 737
535 45
535 340
535 306
536 412
536 340
536 296
536 442
536 463
536 143
536 424
536 298
536 428
537 383
537 334
537 515
537 174
537 627
537 158
537 442
537 353
537 201
538 428
538 457
538 535
538 340
538 796
538 795
538 5
538 436
538 56
539 245
539 207
539 256
539 488
539 258
539 801
539 867
539 316
539 321
540 233
540 45
540 298
540 201
540 306
540 775
540 58
540 815
540 322
541 795
541 300
541 491
541 409
541 9
541 603
541 298
541 45
541 169
542 326
542 442
542 796
542 409
542 552
542 491
542 794
542 515
542 819
543 535
543 15
543 796
543 169
543 608
543 314
543 177
543 819
543 298
544 221
544 819
544 818
544 413
544 334
544 420
544 326
544 796
544 409
545 70
545 442
545 619
545 127
545 745
545 547
545 524
545 452
545 227
546 295
546 449
546 229
546 227
546 442
546 63
546 667
546 796
546 291
547 819
547 22
547 442
547 452
547 15
547 229
547 2
547 457
547 227
548 307
548 612
548 608
548 4
548 205
548 229
548 796
548 177
548 278
549 682
549 428
549 398
549 737
549 667
549 610
549 391
549 127
549 457
550 581
550 167
550 334
550 415
550 547
550 632
550 645
550 273
550 444
551 44
551 603
551 428
551 256
551 58
551 795
551 518
551 737
551 340
552 20
552 796
552 538
552 60
552 431
552 794
552 378
552 819
552 442
553 831
553 442
553 265
553 229
553 353
553 29
553 55
553 440
553 434
554 328
554 307
554 736
554 298
554 58
554 221
554 608
554 846
554 229
555 447
555 297
555 452
555 435
555 442
555 291
555 495
555 796
555 627
556 441
556 324
556 291
556 538
556 794
556 227
556 442
556 334
556 796
557 515
557 249
557 627
557 813
557 428
557 169
557 229
557 796
557 406
558 127
558 535
558 436
558 229
558 143
558 632
558 201
558 227
558 572
559 357
559 324
559 617
559 393
559 515
559 532
559 442
559 183
559 291
560 182
560 45
560 306
560 843
560 298
560 241
560 307
560 9
560 518
561 70
561 2
561 772
561 314
561 287
561 581
561 442
561 229
561 452
562 58
562 44
562 535
562 404
562 799
562 428
562 340
562 846
562 795
563 442
563 445
563 412
563 242
563 409
563 143
563 400
563 5
563 256
564 428
564 45
564 689
564 242
564 535
564 9
564 346
564 241
564 608
565 235
565 669
565 315
565 442
565 428
565 229
565 221
565 515
565 796
566 287
566 446
566 442
566 687
566 819
566 457
566 772
566 436
566 22
567 118
567 669
567 457
567 687
567 819
567 22
567 442
567 229
567 227
568 70
568 41
568 594
568 619
568 547
568 645
568 647
568 2
568 167
569 428
569 666
569 398
569 256
569 551
569 397
569 396
569 400
569 399
570 430
570 249
570 686
570 567
570 611
570 628
570 617
570 227
570 417
571 594
571 229
571 452
571 14
571 227
571 853
571 60
571 2
571 664
572 256
572 306
572 775
572 404
572 58
572 737
572 340
572 298
572 201
573 251
573 442
573 249
573 431
573 581
573 405
573 819
573 227
573 611
574 428
574 627
574 334
574 442
574 794
574 284
574 310
574 291
574 796
575 199
575 581
575 611
575 742
575 442
575 414
575 619
575 295
575 284
576 13
576 334
576 850
576 291
576 428
576 500
576 796
576 627
576 442
577 414
577 227
577 619
577 443
577 615
577 430
577 438
577 453
577 449
578 615
578 430
578 227
578 410
578 580
578 581
578 167
578 452
578 645
579 70
579 41
579 819
579 581
579 57
579 229
579 565
579 442
579 449
580 229
580 622
580 457
580 227
580 547
580 449
580 452
580 2
580 432
581 58
581 15
581 229
581 457
581 436
581 819
581 428
581 796
581 452
582 291
582 812
582 407
582 397
582 5
582 297
582 254
582 396
582 400
583 618
583 297
583 229
583 615
583 160
583 57
583 167
583 427
583 395
584 587
584 227
584 265
584 440
584 229
584 442
584 627
584 668
584 608
585 171
585 430
585 284
585 611
585 249
585 429
585 806
585 796
585 414
586 819
586 393
586 284
586 740
586 227
586 742
586 806
586 249
586 431
587 58
587 45
587 535
587 161
587 843
587 428
587 551
587 340
587 795
588 430
588 452
588 440
588 227
588 229
588 435
588 442
588 587
588 353
589 343
589 376
589 617
589 60
589 414
589 378
589 227
589 353
589 234
590 438
590 532
590 68
590 359
590 619
590 227
590 442
590 295
590 353
591 766
591 518
591 44
591 65
591 199
591 398
591 396
591 169
591 400
592 414
592 555
592 443
592 642
592 430
592 295
592 645
592 619
592 438
593 846
593 161
593 737
593 795
593 457
593 843
593 5
593 436
593 428
594 392
594 2
594 61
594 254
594 599
594 37
594 426
594 41
594 301
595 795
595 535
595 457
595 424
595 5
595 692
595 436
595 518
595 649
596 547
596 392
596 414
596 676
596 359
596 439
596 273
596 2
596 227
597 678
597 346
597 535
597 118
597 457
597 737
597 446
597 436
597 428
598 424
598 867
598 820
598 706
598 256
598 864
598 412
598 849
598 630
599 35
599 256
599 822
599 400
599 399
599 369
599 824
599 820
599 397
600 535
600 256
600 242
600 562
600 457
600 627
600 632
600 229
600 446
601 420
601 296
601 369
601 256
601 400
601 756
601 396
601 412
601 407
602 213
602 37
602 254
602 433
602 594
602 397
602 599
602 23
602 824
603 328
603 241
603 242
603 44
603 9
603 306
603 843
603 518
603 535
604 425
604 812
604 756
604 5
604 409
604 434
604 256
604 435
604 397
605 334
605 729
605 627
605 495
605 291
605 796
605 442
605 798
605 241
606 304
606 189
606 362
606 374
606 281
606 240
606 393
606 413
606 732
607 441
607 796
607 457
607 405
607 334
607 662
607 409
607 690
607 515
608 221
608 235
608 9
608 241
608 846
608 843
608 307
608 306
608 518
609 62
609 610
609 398
609 158
609 707
609 338
609 297
609 532
609 442
610 45
610 772
610 256
610 33
610 127
610 5
610 201
610 737
610 398
611 340
611 321
611 316
611 796
611 428
611 315
611 687
611 429
611 452
612 9
612 328
612 307
612 340
612 518
612 608
612 298
612 306
612 153
613 58
613 306
613 315
613 76
613 846
613 174
613 340
613 428
613 298
614 301
614 227
614 436
614 572
614 819
614 457
614 796
614 229
614 22
615 48
615 127
615 581
615 297
615 442
615 452
615 414
615 160
615 229
616 297
616 645
616 594
616 41
616 619
616 618
616 579
616 2
616 227
617 227
617 452
617 393
617 442
617 619
617 581
617 386
617 353
617 611
618 627
618 449
618 295
618 794
618 619
618 229
618 442
618 796
618 515
619 70
619 227
619 617
619 297
619 229
619 618
619 199
619 41
619 442
620 241
620 518
620 849
620 474
620 221
620 608
620 867
620 674
620 173
621 442
621 297
621 304
621 413
621 295
621 355
621 291
621 12
621 531
622 63
622 457
622 442
622 127
622 391
622 70
622 667
622 229
622 428
623 285
623 397
623 403
623 412
623 402
623 37
623 445
623 706
623 299
624 201
624 321
624 587
624 551
624 428
624 256
624 296
624 5
624 795
625 603
625 241
625 608
625 551
625 409
625 20
625 237
625 428
625 193
626 413
626 393
626 284
626 628
626 567
626 742
626 195
626 240
626 189
627 442
627 457
627 15
627 518
627 428
627 340
627 58
627 551
627 796
628 452
628 22
628 353
628 610
628 446
628 118
628 819
628 442
628 229
629 285
629 321
629 551
629 5
629 630
629 795
629 400
629 256
629 820
630 436
630 795
630 285
630 737
630 820
630 256
630 5
630 412
630 161
631 440
631 398
631 457
631 434
631 431
631 256
631 425
631 5
631 227
632 535
632 328
632 143
632 436
632 404
632 306
632 428
632 737
632 799
633 256
633 424
633 440
633 587
633 412
633 407
633 397
633 299
633 756
634 127
634 324
634 562
634 340
634 391
634 428
634 442
634 307
634 404
635 295
635 622
635 442
635 645
635 297
635 794
635 619
635 362
635 373
636 627
636 412
636 291
636 405
636 424
636 227
636 551
636 587
636 256
637 369
637 70
637 396
637 649
637 651
637 667
637 457
637 428
637 127
638 327
638 555
638 543
638 291
638 796
638 343
638 284
638 334
638 297
639 314
639 222
639 518
639 428
639 291
639 315
639 307
639 241
639 846
640 320
640 428
640 301
640 298
640 391
640 5
640 457
640 796
640 795
641 58
641 587
641 320
641 795
641 796
641 428
641 169
641 249
641 806
642 734
642 362
642 628
642 334
642 303
642 622
642 367
642 373
642 295
643 298
643 795
643 199
643 514
643 44
643 169
643 428
643 241
643 339
644 551
644 666
644 428
644 296
644 5
644 201
644 440
644 624
644 587
645 353
645 452
645 167
645 778
645 619
645 295
645 442
645 622
645 618
646 56
646 813
646 819
646 818
646 287
646 298
646 286
646 815
646 229
647 442
647 524
647 610
647 291
647 324
647 303
647 395
647 127
647 297
648 298
648 649
648 340
648 428
648 307
648 551
648 805
648 518
648 627
649 5
649 161
649 457
649 45
649 428
649 340
649 692
649 306
649 737
650 398
650 407
650 434
650 397
650 440
650 312
650 438
650 516
650 303
651 340
651 404
651 737
651 649
651 48
651 127
651 151
651 436
651 457
652 340
652 850
652 156
652 321
652 428
652 287
652 233
652 796
652 819
653 444
653 436
653 457
653 415
653 229
653 227
653 819
653 860
653 452
654 151
654 457
654 153
654 256
654 5
654 301
654 456
654 655
654 161
655 328
655 156
655 346
655 340
655 161
655 474
655 867
655 221
655 153
656 143
656 153
656 795
656 151
656 849
656 321
656 436
656 655
656 156
657 291
657 428
657 726
657 241
657 456
657 287
657 796
657 442
657 819
658 430
658 273
658 367
658 452
658 526
658 435
658 454
658 417
658 116
659 414
659 393
659 287
659 54
659 819
659 796
659 326
659 376
659 442
660 298
660 474
660 307
660 404
660 649
660 306
660 153
660 428
660 340
661 737
661 456
661 409
661 433
661 819
661 608
661 457
661 256
661 428
662 669
662 227
662 795
662 796
662 627
662 457
662 409
662 60
662 442
663 33
663 409
663 158
663 442
663 353
663 667
663 551
663 398
663 440
664 299
664 397
664 33
664 426
664 445
664 400
664 37
664 61
664 256
665 251
665 435
665 444
665 287
665 334
665 227
665 291
665 581
665 819
666 340
666 737
666 5
666 256
666 843
666 428
666 551
666 518
666 849
667 118
667 296
667 340
667 772
667 649
667 404
667 428
667 127
667 737
668 428
668 340
668 307
668 306
668 535
668 221
668 518
668 795
668 328
669 298
669 796
669 242
669 320
669 428
669 221
669 340
669 795
669 843
670 500
670 627
670 340
670 660
670 15
670 307
670 428
670 796
670 291
671 24
671 301
671 425
671 249
671 852
671 866
671 863
671 599
671 433
672 824
672 649
672 630
672 5
672 256
672 369
672 285
672 400
672 412
673 298
673 15
673 737
673 457
673 649
673 428
673 58
673 308
673 340
674 241
674 737
674 235
674 699
674 307
674 306
674 298
674 518
674 340
675 236
675 687
675 386
675 227
675 679
675 286
675 263
675 677
675 257
676 15
676 286
676 436
676 442
676 118
676 766
676 143
676 457
676 428
677 227
677 298
677 256
677 442
677 737
677 229
677 678
677 5
677 127
678 428
678 44
678 457
678 843
678 45
678 340
678 692
678 436
678 737
679 687
679 737
679 678
679 428
679 127
679 229
679 819
679 298
679 769
680 65
680 45
680 608
680 737
680 298
680 674
680 229
680 50
680 518
681 428
681 221
681 44
681 340
681 796
681 795
681 306
681 843
681 242
682 836
682 51
682 678
682 737
682 697
682 391
682 45
682 813
682 457
683 151
683 5
683 404
683 692
683 298
683 687
683 127
683 678
683 674
684 328
684 315
684 174
684 298
684 307
684 211
684 235
684 775
684 699
685 326
685 680
685 57
685 257
685 679
685 236
685 697
685 819
685 229
686 815
686 446
686 678
686 429
686 772
686 340
686 428
686 388
686 687
687 346
687 22
687 452
687 463
687 428
687 340
687 161
687 737
687 256
688 674
688 687
688 457
688 256
688 442
688 815
688 678
688 737
688 229
689 678
689 428
689 300
689 306
689 9
689 843
689 242
689 45
689 535
690 428
690 608
690 9
690 45
690 843
690 457
690 242
690 436
690 340
691 221
691 674
691 298
691 846
691 340
691 737
691 843
691 819
691 687
692 428
692 153
692 404
692 340
692 436
692 535
692 649
692 737
692 306
693 51
693 201
693 173
693 428
693 491
693 813
693 678
693 692
693 229
694 404
694 687
694 369
694 678
694 256
694 428
694 242
694 692
694 229
695 340
695 428
695 9
695 398
695 457
695 440
695 678
695 242
695 353
696 254
696 62
696 291
696 396
696 400
696 324
696 199
696 398
696 297
697 678
697 818
697 692
697 737
697 45
697 770
697 340
697 813
697 815
698 326
698 439
698 286
698 386
698 203
698 377
698 611
698 393
698 334
699 221
699 328
699 300
699 307
699 306
699 9
699 674
699 340
699 235
700 772
700 300
700 815
700 818
700 9
700 51
700 45
700 701
700 813
701 44
701 51
701 45
701 737
701 340
701 306
701 300
701 298
701 813
702 300
702 188
702 518
702 298
702 674
702 699
702 306
702 818
702 348
703 307
703 518
703 795
703 456
703 340
703 58
703 428
703 153
703 328
704 229
704 736
704 298
704 674
704 314
704 737
704 819
704 326
704 287
705 813
705 812
705 766
705 400
705 820
705 37
705 412
705 256
705 445
706 321
706 403
706 424
706 849
706 285
706 820
706 412
706 795
706 256
707 770
707 813
707 794
707 62
707 76
707 193
707 297
707 398
707 442
708 296
708 500
708 143
708 56
708 409
708 428
708 321
708 726
708 256
709 249
709 375
709 167
709 291
709 297
709 740
709 295
709 268
709 778
710 608
710 436
710 229
710 428
710 22
710 796
710 457
710 846
710 446
711 241
711 405
711 314
711 442
711 428
711 737
711 307
711 819
711 237
712 795
712 843
712 328
712 551
712 737
712 340
712 247
712 428
712 58
713 372
713 295
713 452
713 653
713 580
713 350
713 646
713 268
713 622
714 398
714 297
714 609
714 158
714 438
714 227
714 353
714 338
714 442
715 397
715 551
715 299
715 813
715 43
715 398
715 819
715 315
715 353
716 70
716 796
716 229
716 383
716 199
716 127
716 398
716 428
716 298
717 348
717 328
717 612
717 307
717 313
717 428
717 340
717 153
717 726
718 798
718 398
718 442
718 756
718 395
718 324
718 400
718 353
718 297
719 867
719 307
719 298
719 241
719 726
719 314
719 315
719 796
719 316
720 68
720 303
720 287
720 297
720 796
720 798
720 291
720 492
720 447
721 151
721 324
721 334
721 138
721 321
721 457
721 127
721 446
721 819
722 611
722 769
722 712
722 686
722 736
722 215
722 316
722 339
722 729
723 45
723 361
723 298
723 30
723 398
723 702
723 766
723 771
723 818
724 490
724 421
724 203
724 234
724 240
724 326
724 438
724 783
724 734
725 788
725 794
725 326
725 738
725 425
725 287
725 796
725 433
725 819
726 161
726 328
726 340
726 737
726 428
726 306
726 153
726 320
726 321
727 25
727 455
727 22
727 415
727 425
727 824
727 434
727 401
727 227
728 326
728 410
728 814
728 138
728 227
728 414
728 338
728 303
728 295
729 699
729 339
729 241
729 316
729 221
729 813
729 428
729 328
729 199
730 417
730 326
730 777
730 415
730 464
730 240
730 698
730 284
730 794
731 237
731 819
731 334
731 376
731 854
731 326
731 796
731 794
731 378
732 295
732 606
732 642
732 189
732 374
732 362
732 334
732 377
732 226
733 442
733 297
733 303
733 391
733 813
733 127
733 338
733 395
733 398
734 324
734 772
734 158
734 353
734 297
734 383
734 338
734 442
734 398
735 690
735 772
735 307
735 221
735 674
735 775
735 796
735 428
735 340
736 306
736 737
736 235
736 843
736 518
736 314
736 340
736 608
736 298
737 518
737 795
737 340
737 153
737 306
737 692
737 45
737 161
737 56
738 726
738 301
738 396
738 237
738 428
738 307
738 296
738 775
738 737
739 68
739 225
739 249
739 464
739 183
739 438
739 281
739 240
739 219
740 291
740 296
740 340
740 627
740 229
740 794
740 151
740 428
740 796
741 824
741 397
741 369
741 256
741 400
741 412
741 445
741 756
741 435
742 386
742 295
742 497
742 326
742 431
742 442
742 249
742 819
742 393
743 236
743 367
743 442
743 446
743 721
743 268
743 162
743 326
743 819
744 604
744 397
744 812
744 445
744 356
744 23
744 633
744 664
744 435
745 836
745 772
745 813
745 127
745 737
745 457
745 15
745 428
745 398
746 442
746 70
746 15
746 286
746 334
746 143
746 356
746 138
746 127
747 846
747 436
747 649
747 428
747 314
747 674
747 457
747 298
747 737
748 354
748 452
748 353
748 711
748 22
748 396
748 229
748 287
748 324
749 428
749 9
749 315
749 328
749 627
749 201
749 340
749 796
749 813
750 617
750 350
750 386
750 438
750 227
750 852
750 453
750 581
750 249
751 400
751 446
751 796
751 740
751 256
751 690
751 409
751 412
751 428
752 357
752 396
752 794
752 365
752 353
752 291
752 414
752 407
752 297
753 249
753 414
753 742
753 740
753 375
753 453
753 297
753 777
753 710
754 569
754 353
754 365
754 551
754 442
754 234
754 599
754 227
754 435
755 452
755 315
755 22
755 781
755 395
755 456
755 297
755 756
755 674
756 340
756 306
756 256
756 294
756 44
756 412
756 5
756 307
756 400
757 670
757 442
757 734
757 158
757 324
757 414
757 395
757 297
757 291
758 414
758 376
758 509
758 367
758 395
758 291
758 297
758 338
758 343
759 9
759 795
759 328
759 298
759 699
759 307
759 775
759 306
759 428
760 326
760 249
760 734
760 227
760 860
760 819
760 778
760 297
760 295
761 741
761 733
761 604
761 356
761 812
761 744
761 526
761 213
761 362
762 354
762 796
762 291
762 355
762 284
762 757
762 414
762 657
762 295
763 326
763 383
763 446
763 38
763 53
763 378
763 442
763 814
763 138
764 313
764 813
764 818
764 775
764 51
764 326
764 771
764 348
764 701
765 628
765 579
765 686
765 227
765 618
765 547
765 421
765 286
765 386
766 328
766 818
766 357
766 737
766 44
766 795
766 306
766 340
766 51
767 193
767 316
767 775
767 191
767 307
767 339
767 796
767 315
767 345
768 300
768 674
768 298
768 307
768 699
768 518
768 54
768 340
768 314
769 412
769 457
769 5
769 864
769 404
769 256
769 44
769 678
769 737
770 404
770 772
770 678
770 306
770 45
770 298
770 300
770 76
770 340
771 491
771 370
771 306
771 201
771 298
771 775
771 300
771 813
771 348
772 535
772 457
772 306
772 428
772 340
772 737
772 692
772 45
772 813
773 227
773 15
773 384
773 796
773 819
773 315
773 775
773 340
773 766
774 809
774 580
774 386
774 750
774 240
774 742
774 438
774 283
774 358
775 235
775 161
775 843
775 737
775 300
775 818
775 340
775 298
775 306
776 757
776 443
776 382
776 645
776 350
776 778
776 358
776 295
776 615
777 284
777 736
777 796
777 794
777 464
777 726
777 326
777 287
777 819
778 291
778 745
778 15
778 63
778 334
778 819
778 324
778 442
778 127
779 850
779 601
779 288
779 439
779 359
779 442
779 657
779 317
779 353
780 795
780 76
780 428
780 44
780 796
780 298
780 247
780 306
780 846
781 5
781 456
781 412
781 294
781 44
781 321
781 404
781 256
781 428
782 687
782 452
782 22
782 334
782 343
782 611
782 376
782 291
782 819
783 15
783 409
783 428
783 383
783 794
783 819
783 796
783 515
783 442
784 132
784 15
784 297
784 399
784 435
784 599
784 400
784 291
784 397
785 406
785 442
785 788
785 284
785 414
785 415
785 393
785 796
785 435
786 436
786 321
786 796
786 446
786 15
786 799
786 320
786 428
786 301
787 251
787 315
787 338
787 864
787 412
787 293
787 425
787 819
787 442
788 794
788 843
788 428
788 442
788 388
788 284
788 237
788 819
788 796
789 792
789 674
789 452
789 340
789 58
789 796
789 819
789 436
789 314
790 455
790 581
790 317
790 425
790 195
790 249
790 430
790 852
790 611
791 61
791 256
791 801
791 864
791 795
791 397
791 5
791 400
791 412
792 321
792 340
792 655
792 346
792 320
792 819
792 330
792 795
792 436
793 788
793 326
793 376
793 393
793 796
793 295
793 738
793 742
793 413
794 76
794 398
794 405
794 127
794 428
794 324
794 813
794 291
794 796
795 320
795 153
795 308
795 737
795 321
795 328
795 306
795 44
795 340
796 169
796 4
796 153
796 813
796 428
796 795
796 819
796 340
796 846
797 256
797 258
797 369
797 864
797 315
797 819
797 796
797 291
797 813
798 307
798 15
798 315
798 398
798 428
798 324
798 794
798 796
798 291
799 308
799 328
799 737
799 340
799 436
799 321
799 306
799 428
799 795
800 278
800 442
800 795
800 291
800 287
800 799
800 819
800 796
800 428
801 294
801 867
801 424
801 256
801 820
801 285
801 5
801 18
801 37
802 854
802 299
802 291
802 400
802 256
802 412
802 766
802 426
802 396
803 297
803 442
803 15
803 742
803 449
803 796
803 291
803 334
803 581
804 179
804 343
804 171
804 740
804 806
804 819
804 293
804 796
804 284
805 795
805 518
805 328
805 221
805 241
805 428
805 256
805 340
805 737
806 436
806 457
806 56
806 608
806 795
806 843
806 796
806 320
806 819
807 285
807 400
807 315
807 407
807 299
807 256
807 412
807 445
807 321
808 5
808 400
808 35
808 864
808 445
808 256
808 801
808 409
808 0
809 611
809 515
809 240
809 432
809 742
809 284
809 453
809 393
809 449
810 315
810 153
810 843
810 795
810 321
810 328
810 340
810 428
810 221
811 442
811 721
811 667
811 0
811 303
811 254
811 398
811 610
811 831
812 705
812 369
812 299
812 424
812 756
812 256
812 397
812 445
812 400
813 306
813 45
813 772
813 428
813 44
813 818
813 298
813 340
813 737
814 405
814 795
814 796
814 296
814 409
814 428
814 242
814 420
814 456
815 772
815 321
815 692
815 45
815 56
815 340
815 306
815 737
815 818
816 270
816 366
816 226
816 230
816 295
816 245
816 248
816 817
816 264
817 822
817 400
817 664
817 705
817 445
817 387
817 397
817 812
817 23
818 56
818 298
818 775
818 815
818 30
818 737
818 340
818 306
818 813
819 314
819 428
819 340
819 298
819 15
819 813
819 796
819 737
819 818
820 5
820 867
820 258
820 221
820 340
820 256
820 424
820 316
820 285
821 806
821 852
821 425
821 788
821 405
821 452
821 863
821 796
821 249
822 315
822 801
822 849
822 256
822 424
822 285
822 820
822 5
822 445
823 241
823 221
823 456
823 474
823 316
823 867
823 307
823 726
823 222
824 37
824 285
824 412
824 820
824 849
824 400
824 5
824 551
824 256
825 819
825 794
825 446
825 436
825 806
825 796
825 431
825 229
825 457
826 249
826 848
826 291
826 428
826 627
826 442
826 414
826 415
826 399
827 295
827 401
827 853
827 417
827 305
827 281
827 208
827 195
827 249
828 5
828 346
828 306
828 44
828 153
828 737
828 436
828 340
828 457
829 870
829 838
829 195
829 438
829 798
829 716
829 778
829 763
829 742
830 434
830 315
830 796
830 46
830 435
830 338
830 429
830 249
830 838
831 440
831 25
831 434
831 398
831 369
831 229
831 442
831 353
831 127
832 314
832 736
832 320
832 4
832 620
832 864
832 867
832 820
832 819
833 235
833 5
833 849
833 333
833 796
833 330
833 867
833 221
833 608
834 369
834 354
834 442
834 297
834 291
834 254
834 398
834 796
834 353
835 796
835 33
835 396
835 369
835 850
835 315
835 291
835 400
835 254
836 692
836 813
836 795
836 428
836 306
836 44
836 737
836 153
836 340
837 399
837 62
837 299
837 756
837 798
837 297
837 397
837 398
837 822
838 690
838 846
838 457
838 428
838 795
838 229
838 409
838 796
838 843
839 229
839 38
839 297
839 457
839 442
839 399
839 353
839 794
839 796
840 551
840 836
840 396
840 398
840 65
840 391
840 369
840 400
840 62
841 798
841 442
841 452
841 227
841 778
841 432
841 742
841 249
841 423
842 608
842 442
842 241
842 229
842 428
842 843
842 796
842 4
842 315
843 737
843 45
843 535
843 428
843 221
843 340
843 306
843 849
843 846
844 23
844 24
844 35
844 849
844 864
844 37
844 397
844 801
844 412
845 843
845 819
845 747
845 860
845 229
845 796
845 444
845 848
845 846
846 608
846 44
846 849
846 340
846 428
846 795
846 153
846 306
846 843
847 426
847 434
847 35
847 369
847 864
847 61
847 397
847 599
847 860
848 518
848 655
848 161
848 864
848 843
848 866
848 867
848 849
848 241
849 153
849 518
849 161
849 795
849 864
849 340
849 846
849 843
849 306
850 296
850 340
850 256
850 345
850 795
850 315
850 409
850 428
850 412
851 863
851 446
851 138
851 796
851 296
851 436
851 849
851 456
851 843
852 864
852 860
852 866
852 256
852 865
852 234
852 863
852 425
852 849
853 428
853 229
853 457
853 819
853 796
853 442
853 414
853 433
853 627
854 258
854 843
854 424
854 221
854 867
854 518
854 306
854 256
854 849
855 853
855 852
855 863
855 796
855 859
855 857
855 455
855 429
855 860
856 801
856 397
856 402
856 412
856 37
856 850
856 445
856 396
856 854
857 655
857 859
857 346
857 864
857 796
857 867
857 456
857 866
857 849
858 436
858 843
858 864
858 535
858 306
858 692
858 412
858 346
858 737
859 535
859 857
859 849
859 848
859 866
859 843
859 456
859 301
859 463
860 864
860 848
860 143
860 229
860 819
860 436
860 256
860 796
860 858
861 455
861 229
861 863
861 449
861 848
861 143
861 852
861 687
861 860
862 227
862 819
862 393
862 326
862 401
862 287
862 860
862 452
862 249
863 849
863 455
863 796
863 256
863 866
863 428
863 848
863 456
863 843
864 306
864 843
864 795
864 858
864 5
864 412
864 849
864 161
864 737
865 843
865 316
865 321
865 456
865 866
865 867
865 848
865 258
865 256
866 256
866 321
866 518
866 221
866 161
866 56
866 843
866 846
866 849
867 820
867 306
867 843
867 221
867 655
867 328
867 849
867 316
867 474
868 339
868 456
868 488
868 435
868 442
868 440
868 353
868 326
868 376
869 547
869 589
869 430
869 422
869 210
869 443
869 408
869 653
869 415
870 819
870 324
870 70
870 428
870 404
870 446
870 562
870 457
870 229
